waiting_gpu,start_ns,wait_ms,laggard_gpu,laggard_sync_frac,laggard_busy_frac,kind,laggard_top_categories,laggard_nvtx
0,23855421298,15.203,7,0.0,1.02,laggard_gpu_busy,gemm=8.0ms;moe_permute=3.4ms;cat_copy=3.0ms,
0,24014655815,7.115,1,0.001,1.045,laggard_gpu_busy,gemm=5.0ms;moe_permute=2.2ms;elementwise=0.2ms,
0,24086772614,22.003,6,0.0,1.014,laggard_gpu_busy,cat_copy=8.9ms;gemm=7.8ms;moe_permute=3.5ms,
0,24179892556,11.911,4,0.0,1.028,laggard_gpu_busy,gemm=6.6ms;moe_permute=3.1ms;cat_copy=1.4ms,
0,24259337414,6.618,5,0.0,1.051,laggard_gpu_busy,gemm=4.6ms;moe_permute=2.4ms;hybridep_meta=0.0ms,
0,24401427762,13.512,2,0.0,1.023,laggard_gpu_busy,gemm=5.9ms;cat_copy=3.5ms;moe_permute=2.7ms,
0,24478607257,15.408,3,0.0,1.02,laggard_gpu_busy,gemm=6.3ms;cat_copy=5.0ms;moe_permute=2.7ms,
0,24556344837,28.338,6,0.0,1.021,laggard_gpu_busy,gemm=13.2ms;cat_copy=9.9ms;moe_permute=3.5ms,
0,24651666716,17.981,6,0.0,1.016,laggard_gpu_busy,gemm=7.0ms;cat_copy=6.0ms;moe_permute=3.2ms,
0,24802919858,15.717,3,0.0,1.02,laggard_gpu_busy,gemm=6.0ms;cat_copy=5.8ms;moe_permute=2.5ms,
0,24876022776,28.023,2,0.0,1.026,laggard_gpu_busy,gemm=14.5ms;cat_copy=8.9ms;moe_permute=3.2ms,
0,24974545455,13.977,4,0.0,1.022,laggard_gpu_busy,gemm=7.2ms;moe_permute=3.0ms;cat_copy=3.0ms,
0,25049077840,31.413,4,0.0,1.029,laggard_gpu_busy,gemm=15.1ms;cat_copy=11.0ms;moe_permute=3.9ms,
0,25212652971,26.852,3,0.0,1.022,laggard_gpu_busy,gemm=12.2ms;cat_copy=9.7ms;moe_permute=3.3ms,
0,25385209966,27.567,4,0.0,1.016,laggard_gpu_busy,gemm=12.5ms;cat_copy=9.9ms;moe_permute=3.2ms,
0,25635338061,23.311,6,0.0,1.003,laggard_gpu_busy,cat_copy=9.7ms;gemm=8.2ms;moe_permute=3.2ms,
0,25735887747,5.505,4,0.001,1.021,laggard_gpu_busy,gemm=3.2ms;moe_permute=2.5ms;hybridep_meta=0.0ms,
0,25806242243,7.78,1,0.0,1.044,laggard_gpu_busy,gemm=5.3ms;moe_permute=2.3ms;elementwise=0.5ms,
0,25880973062,9.049,5,0.0,1.03,laggard_gpu_busy,gemm=5.7ms;moe_permute=2.5ms;elementwise=1.0ms,
0,26026466477,10.273,7,0.0,1.029,laggard_gpu_busy,gemm=6.4ms;moe_permute=2.8ms;elementwise=1.0ms,
0,26109226546,6.791,6,0.0,1.034,laggard_gpu_busy,gemm=4.2ms;moe_permute=2.8ms;hybridep_meta=0.0ms,
0,26187877877,18.498,3,0.0,1.018,laggard_gpu_busy,gemm=7.0ms;cat_copy=6.8ms;moe_permute=3.1ms,
0,26274272152,20.404,3,0.0,1.013,laggard_gpu_busy,gemm=7.9ms;cat_copy=7.4ms;moe_permute=3.2ms,
0,26427247003,17.237,2,0.0,1.015,laggard_gpu_busy,gemm=6.9ms;cat_copy=5.6ms;moe_permute=3.0ms,
0,26502689509,24.496,5,0.0,1.043,laggard_gpu_busy,gemm=12.5ms;cat_copy=8.2ms;moe_permute=2.9ms,
0,26675642732,20.684,6,0.0,1.014,laggard_gpu_busy,gemm=7.9ms;cat_copy=7.9ms;moe_permute=3.1ms,
0,26899206033,16.813,6,0.0,1.034,laggard_gpu_busy,gemm=7.1ms;cat_copy=6.2ms;moe_permute=2.6ms,
0,26977481489,27.898,5,0.0,1.017,laggard_gpu_busy,gemm=12.8ms;cat_copy=10.0ms;moe_permute=3.2ms,
0,27074844952,7.776,1,0.0,1.051,laggard_gpu_busy,gemm=5.6ms;moe_permute=2.5ms;hybridep_meta=0.0ms,
0,27219381023,9.154,2,0.0,1.034,laggard_gpu_busy,gemm=5.9ms;moe_permute=2.6ms;elementwise=1.0ms,
0,27381415001,12.781,5,0.0,1.026,laggard_gpu_busy,gemm=6.2ms;cat_copy=3.1ms;moe_permute=2.8ms,
0,27463200557,11.915,1,0.0,1.026,laggard_gpu_busy,gemm=6.6ms;moe_permute=2.9ms;cat_copy=1.6ms,
0,27609392833,20.85,6,0.0,1.015,laggard_gpu_busy,cat_copy=8.4ms;gemm=7.5ms;moe_permute=3.1ms,
0,27699662301,17.029,7,0.0,1.015,laggard_gpu_busy,gemm=7.4ms;cat_copy=4.6ms;moe_permute=3.3ms,
0,27858421819,18.445,4,0.0,1.015,laggard_gpu_busy,gemm=7.0ms;cat_copy=6.4ms;moe_permute=3.2ms,
0,28009299991,18.956,7,0.0,1.017,laggard_gpu_busy,cat_copy=7.4ms;gemm=7.0ms;moe_permute=2.9ms,
0,28094446600,19.688,6,0.0,1.015,laggard_gpu_busy,gemm=7.7ms;cat_copy=7.0ms;moe_permute=3.2ms,
0,28179896762,14.214,1,0.0,1.02,laggard_gpu_busy,gemm=6.5ms;cat_copy=3.3ms;moe_permute=2.9ms,
0,28254821396,38.503,1,0.0,1.03,laggard_gpu_busy,gemm=20.9ms;cat_copy=12.1ms;moe_permute=3.8ms,
0,28509175963,20.647,6,0.0,1.014,laggard_gpu_busy,gemm=7.9ms;cat_copy=7.7ms;moe_permute=3.1ms,
0,28671092213,33.047,4,0.0,1.028,laggard_gpu_busy,gemm=17.6ms;cat_copy=10.6ms;moe_permute=3.3ms,
0,28837835671,17.561,6,0.0,1.017,laggard_gpu_busy,gemm=6.9ms;cat_copy=6.1ms;moe_permute=3.0ms,
0,28919506442,14.114,7,0.0,1.018,laggard_gpu_busy,gemm=6.1ms;cat_copy=3.6ms;moe_permute=2.9ms,
0,29005634818,8.067,3,0.0,1.034,laggard_gpu_busy,gemm=5.4ms;moe_permute=2.9ms;hybridep_meta=0.0ms,
0,29079464083,13.371,2,0.0,1.023,laggard_gpu_busy,gemm=6.1ms;cat_copy=3.0ms;moe_permute=2.9ms,
0,29222315020,25.479,1,0.0,0.808,laggard_gpu_busy,cat_copy=8.4ms;gemm=7.2ms;moe_permute=3.0ms,
0,29306022919,25.869,2,0.0,0.83,laggard_gpu_busy,cat_copy=8.4ms;gemm=8.0ms;moe_permute=3.0ms,
0,29478971885,10.18,4,0.0,1.033,laggard_gpu_busy,gemm=6.8ms;moe_permute=3.1ms;elementwise=0.6ms,
0,29624245698,16.305,1,0.0,1.018,laggard_gpu_busy,gemm=6.6ms;cat_copy=5.5ms;moe_permute=2.7ms,
0,29702962610,12.056,1,0.0,1.022,laggard_gpu_busy,gemm=5.4ms;cat_copy=2.9ms;moe_permute=2.4ms,
0,29855966954,23.223,1,0.0,1.018,laggard_gpu_busy,cat_copy=9.6ms;gemm=8.7ms;moe_permute=3.2ms,
0,30011302999,17.744,6,0.0,1.015,laggard_gpu_busy,cat_copy=7.0ms;gemm=6.4ms;moe_permute=2.8ms,
0,30096016858,10.534,4,0.0,1.033,laggard_gpu_busy,gemm=6.0ms;moe_permute=2.6ms;cat_copy=1.3ms,
0,30248759088,15.202,3,0.0,1.02,laggard_gpu_busy,gemm=6.5ms;cat_copy=4.4ms;moe_permute=2.7ms,
0,30394464297,17.452,6,0.0,1.019,laggard_gpu_busy,cat_copy=6.9ms;gemm=6.4ms;moe_permute=2.8ms,
0,30469492376,22.321,1,0.0,1.052,laggard_gpu_busy,gemm=11.6ms;cat_copy=7.4ms;moe_permute=2.7ms,
0,30628584773,21.583,5,0.0,1.016,laggard_gpu_busy,gemm=10.0ms;cat_copy=7.4ms;moe_permute=2.7ms,
0,30791661270,10.439,4,0.0,1.024,laggard_gpu_busy,gemm=6.4ms;moe_permute=2.8ms;elementwise=1.1ms,
0,30859164643,34.071,6,0.0,1.022,laggard_gpu_busy,gemm=18.7ms;cat_copy=10.1ms;moe_permute=3.7ms,
0,30967474069,8.607,6,0.0,1.026,laggard_gpu_busy,gemm=6.0ms;moe_permute=2.8ms;hybridep_meta=0.0ms,
0,31036415791,32.366,1,0.0,1.027,laggard_gpu_busy,gemm=16.6ms;cat_copy=10.8ms;moe_permute=3.4ms,
0,33460591163,203.404,5,0.0,0.122,laggard_gpu_idle(host),gemm=11.1ms;cat_copy=8.9ms;moe_permute=2.8ms,
0,33687280505,42.75,1,0.0,1.012,laggard_gpu_busy,gemm=18.3ms;cat_copy=17.3ms;elementwise=4.2ms,
0,33890349757,8.519,6,0.0,1.027,laggard_gpu_busy,gemm=6.0ms;moe_permute=2.8ms;hybridep_meta=0.0ms,
0,33936720710,10.431,6,0.0,1.041,laggard_gpu_busy,gemm=7.9ms;moe_permute=2.9ms;hybridep_meta=0.0ms,
0,34095081969,74.346,6,0.0,0.468,mixed,gemm=18.7ms;cat_copy=10.4ms;moe_permute=3.4ms,
0,34188218407,44.146,6,0.0,1.014,laggard_gpu_busy,cat_copy=19.4ms;gemm=18.2ms;elementwise=3.9ms,
0,34393705378,9.864,4,0.0,1.027,laggard_gpu_busy,gemm=6.3ms;moe_permute=2.7ms;elementwise=1.1ms,
0,34437598804,11.894,4,0.0,1.039,laggard_gpu_busy,gemm=9.5ms;moe_permute=2.8ms;hybridep_meta=0.0ms,
0,34592528032,21.561,5,0.0,1.015,laggard_gpu_busy,gemm=10.0ms;cat_copy=7.4ms;moe_permute=2.7ms,
0,34634535265,25.798,5,0.0,1.023,laggard_gpu_busy,gemm=12.5ms;cat_copy=8.1ms;elementwise=2.9ms,
0,35013976821,22.309,1,0.0,1.046,laggard_gpu_busy,gemm=11.5ms;cat_copy=7.3ms;moe_permute=2.7ms,
0,35055922006,26.582,1,0.0,1.025,laggard_gpu_busy,gemm=12.8ms;cat_copy=8.7ms;moe_permute=2.9ms,
0,35240311567,17.533,6,0.0,1.019,laggard_gpu_busy,cat_copy=7.0ms;gemm=6.3ms;moe_permute=2.7ms,
0,35282908022,20.818,6,0.0,1.039,laggard_gpu_busy,gemm=12.9ms;cat_copy=3.6ms;moe_permute=2.9ms,
0,35457732312,15.682,3,0.0,1.018,laggard_gpu_busy,gemm=6.5ms;cat_copy=4.8ms;moe_permute=2.8ms,
0,35500884803,19.04,3,0.0,1.038,laggard_gpu_busy,gemm=13.1ms;cat_copy=3.7ms;moe_permute=2.9ms,
0,35880459503,10.808,4,0.0,1.031,laggard_gpu_busy,gemm=6.0ms;moe_permute=2.8ms;cat_copy=1.4ms,
0,35921518509,12.901,4,0.0,1.046,laggard_gpu_busy,gemm=10.7ms;moe_permute=2.8ms;hybridep_meta=0.0ms,
0,36086924434,18.155,6,0.0,1.014,laggard_gpu_busy,cat_copy=7.0ms;gemm=6.4ms;moe_permute=3.1ms,
0,36130583368,21.903,6,0.0,1.028,laggard_gpu_busy,gemm=12.7ms;cat_copy=4.0ms;moe_permute=3.0ms,
0,36305241218,23.758,1,0.0,1.019,laggard_gpu_busy,cat_copy=9.8ms;gemm=8.8ms;moe_permute=3.4ms,
0,36357411720,32.388,1,0.0,1.021,laggard_gpu_busy,gemm=16.4ms;cat_copy=9.6ms;elementwise=3.8ms,
0,36743773622,11.517,1,0.0,1.025,laggard_gpu_busy,gemm=5.4ms;cat_copy=2.6ms;moe_permute=2.4ms,
0,36780451243,13.818,1,0.0,1.049,laggard_gpu_busy,gemm=10.7ms;moe_permute=2.5ms;cat_copy=1.3ms,
0,36947578144,16.426,1,0.0,1.02,laggard_gpu_busy,gemm=6.6ms;cat_copy=5.5ms;moe_permute=2.8ms,
0,36990999892,19.587,1,0.0,1.036,laggard_gpu_busy,gemm=13.0ms;cat_copy=3.7ms;moe_permute=2.9ms,
0,37168577513,10.281,4,0.0,1.03,laggard_gpu_busy,gemm=6.8ms;moe_permute=3.0ms;elementwise=0.8ms,
0,37215129275,12.693,4,0.0,1.031,laggard_gpu_busy,gemm=10.0ms;moe_permute=3.1ms;hybridep_meta=0.0ms,
0,37415977161,5.104,7,0.001,1.036,laggard_gpu_busy,gemm=3.0ms;moe_permute=2.3ms;hybridep_meta=0.0ms,
0,37575605182,26.713,2,0.0,1.018,laggard_gpu_busy,gemm=13.0ms;cat_copy=8.6ms;moe_permute=3.5ms,
0,37622995041,32.103,2,0.0,1.021,laggard_gpu_busy,gemm=14.5ms;cat_copy=11.6ms;moe_permute=3.4ms,
0,37802529866,25.752,1,0.0,0.809,laggard_gpu_busy,cat_copy=8.5ms;gemm=7.3ms;moe_permute=3.0ms,
0,37849193669,29.992,1,0.0,1.022,laggard_gpu_busy,gemm=14.5ms;cat_copy=9.8ms;elementwise=3.2ms,
0,38034060514,13.377,2,0.0,1.023,laggard_gpu_busy,gemm=6.2ms;cat_copy=3.0ms;moe_permute=2.8ms,
0,38076593462,16.22,2,0.0,1.047,laggard_gpu_busy,gemm=12.3ms;moe_permute=3.0ms;cat_copy=1.7ms,
0,38248927163,8.119,3,0.0,1.032,laggard_gpu_busy,gemm=5.5ms;moe_permute=2.8ms;hybridep_meta=0.0ms,
0,38293567107,10.095,3,0.0,1.015,laggard_gpu_busy,gemm=7.2ms;moe_permute=3.0ms;hybridep_meta=0.0ms,
0,38456799089,13.89,7,0.0,1.019,laggard_gpu_busy,gemm=6.0ms;cat_copy=3.7ms;moe_permute=2.7ms,
0,38498675199,16.713,7,0.0,1.04,laggard_gpu_busy,gemm=12.1ms;moe_permute=2.9ms;cat_copy=2.4ms,
0,38672405362,17.904,6,0.0,1.016,laggard_gpu_busy,gemm=6.9ms;cat_copy=6.4ms;moe_permute=3.0ms,
0,38718260773,21.596,6,0.0,1.031,laggard_gpu_busy,gemm=13.7ms;cat_copy=3.9ms;moe_permute=3.2ms,
0,38883674953,33.609,4,0.0,1.026,laggard_gpu_busy,gemm=17.6ms;cat_copy=10.7ms;moe_permute=3.7ms,
0,38938755380,45.351,4,0.0,1.013,laggard_gpu_busy,cat_copy=20.4ms;gemm=17.7ms;elementwise=4.2ms,
0,39352270284,21.899,6,0.0,1.012,laggard_gpu_busy,cat_copy=8.6ms;gemm=8.0ms;moe_permute=3.4ms,
0,39404319386,28.72,6,0.0,1.024,laggard_gpu_busy,gemm=15.7ms;cat_copy=8.2ms;moe_permute=3.3ms,
0,39791639081,42.326,1,0.0,1.03,laggard_gpu_busy,gemm=22.0ms;cat_copy=14.3ms;moe_permute=4.4ms,
0,39856762748,56.087,1,0.0,1.011,laggard_gpu_busy,cat_copy=27.4ms;gemm=20.5ms;elementwise=4.9ms,
0,40069004470,14.079,1,0.0,1.019,laggard_gpu_busy,gemm=6.5ms;cat_copy=3.3ms;moe_permute=2.8ms,
0,40113025309,17.154,1,0.0,1.04,laggard_gpu_busy,gemm=13.0ms;moe_permute=3.0ms;cat_copy=1.9ms,
0,40281858933,19.244,6,0.0,1.016,laggard_gpu_busy,gemm=7.6ms;cat_copy=6.7ms;moe_permute=3.1ms,
0,40331859542,22.994,6,0.0,1.029,laggard_gpu_busy,gemm=15.3ms;cat_copy=4.4ms;moe_permute=3.3ms,
0,40511307060,19.077,7,0.0,1.017,laggard_gpu_busy,cat_copy=7.6ms;gemm=7.0ms;moe_permute=2.9ms,
0,40556935595,23.108,7,0.0,1.033,laggard_gpu_busy,gemm=14.0ms;cat_copy=4.0ms;moe_permute=3.2ms,
0,40755983686,18.352,4,0.0,1.014,laggard_gpu_busy,gemm=7.1ms;cat_copy=6.2ms;moe_permute=3.3ms,
0,40802872329,22.894,4,0.0,1.028,laggard_gpu_busy,gemm=13.9ms;cat_copy=4.4ms;moe_permute=3.2ms,
0,41184280190,16.615,7,0.0,1.016,laggard_gpu_busy,gemm=7.3ms;cat_copy=4.5ms;moe_permute=3.1ms,
0,41232938034,19.518,7,0.0,1.038,laggard_gpu_busy,gemm=14.7ms;moe_permute=3.1ms;cat_copy=2.4ms,
0,41411056388,21.016,6,0.0,1.015,laggard_gpu_busy,cat_copy=8.3ms;gemm=7.6ms;moe_permute=3.3ms,
0,41460536256,24.516,6,0.0,1.031,laggard_gpu_busy,gemm=15.0ms;cat_copy=4.3ms;moe_permute=3.3ms,
0,41646262234,11.997,1,0.0,1.025,laggard_gpu_busy,gemm=6.6ms;moe_permute=3.0ms;cat_copy=1.7ms,
0,41690608741,14.855,1,0.0,1.042,laggard_gpu_busy,gemm=12.6ms;moe_permute=2.9ms;hybridep_meta=0.0ms,
0,41862438612,13.272,5,0.0,1.024,laggard_gpu_busy,gemm=6.3ms;cat_copy=3.1ms;moe_permute=3.0ms,
0,41905763773,15.983,5,0.0,1.03,laggard_gpu_busy,gemm=12.2ms;moe_permute=2.9ms;cat_copy=1.3ms,
0,42316899717,8.957,2,0.0,1.032,laggard_gpu_busy,gemm=5.8ms;moe_permute=2.5ms;elementwise=0.9ms,
0,42357266930,10.708,2,0.0,1.049,laggard_gpu_busy,gemm=8.5ms;moe_permute=2.8ms;hybridep_meta=0.0ms,
0,42525964683,8.056,1,0.0,1.053,laggard_gpu_busy,gemm=5.7ms;moe_permute=2.8ms;hybridep_meta=0.0ms,
0,42567309826,9.818,1,0.0,1.051,laggard_gpu_busy,gemm=7.6ms;moe_permute=2.7ms;hybridep_meta=0.0ms,
0,42724941871,28.32,5,0.0,1.018,laggard_gpu_busy,gemm=12.9ms;cat_copy=10.2ms;moe_permute=3.3ms,
0,42778226490,37.021,5,0.0,1.016,laggard_gpu_busy,gemm=16.8ms;cat_copy=13.5ms;elementwise=3.9ms,
0,42960188662,16.366,6,0.0,0.972,laggard_gpu_busy,cat_copy=6.2ms;gemm=5.7ms;moe_permute=2.5ms,
0,42997940137,18.938,6,0.0,1.038,laggard_gpu_busy,gemm=10.9ms;cat_copy=3.7ms;moe_permute=2.7ms,
0,43214976734,5.769,5,0.001,1.04,laggard_gpu_busy,gemm=3.4ms;moe_permute=2.6ms;hybridep_meta=0.0ms,
0,43378380067,20.552,6,0.0,1.015,laggard_gpu_busy,cat_copy=7.9ms;gemm=7.8ms;moe_permute=3.0ms,
0,43428995093,27.715,6,0.0,1.024,laggard_gpu_busy,gemm=15.5ms;cat_copy=8.0ms;moe_permute=3.2ms,
0,43821754920,24.696,5,0.0,1.048,laggard_gpu_busy,gemm=12.8ms;cat_copy=8.2ms;moe_permute=2.9ms,
0,43867290891,29.049,5,0.0,1.021,laggard_gpu_busy,gemm=13.8ms;cat_copy=9.6ms;elementwise=3.2ms,
0,44055837471,17.09,2,0.0,1.016,laggard_gpu_busy,gemm=6.9ms;cat_copy=5.6ms;moe_permute=2.9ms,
0,44100982273,20.473,2,0.0,1.035,laggard_gpu_busy,gemm=13.9ms;cat_copy=4.0ms;moe_permute=2.9ms,
0,44274520991,20.42,3,0.0,1.014,laggard_gpu_busy,gemm=7.9ms;cat_copy=7.4ms;moe_permute=3.2ms,
0,44325853918,28.812,3,0.0,1.024,laggard_gpu_busy,gemm=15.9ms;cat_copy=8.5ms;moe_permute=3.5ms,
0,44508402166,18.531,3,0.0,1.017,laggard_gpu_busy,gemm=7.0ms;cat_copy=6.8ms;moe_permute=3.1ms,
0,44554625666,22.094,3,0.0,1.033,laggard_gpu_busy,gemm=13.9ms;cat_copy=4.0ms;moe_permute=3.1ms,
0,44738047395,7.19,6,0.001,1.033,laggard_gpu_busy,gemm=4.6ms;moe_permute=2.8ms;hybridep_meta=0.0ms,
0,44782162810,8.751,6,0.0,1.052,laggard_gpu_busy,gemm=6.1ms;moe_permute=3.1ms;hybridep_meta=0.0ms,
0,44956057437,9.903,7,0.0,1.031,laggard_gpu_busy,gemm=6.4ms;moe_permute=2.9ms;elementwise=0.9ms,
0,44999963922,11.803,7,0.0,1.028,laggard_gpu_busy,gemm=9.3ms;moe_permute=2.9ms;hybridep_meta=0.0ms,
0,45165098557,9.264,5,0.0,1.029,laggard_gpu_busy,gemm=5.8ms;moe_permute=2.6ms;elementwise=1.0ms,
0,45205179659,11.513,5,0.0,1.043,laggard_gpu_busy,gemm=9.2ms;moe_permute=2.8ms;hybridep_meta=0.0ms,
0,45369670512,7.59,1,0.0,1.043,laggard_gpu_busy,gemm=5.2ms;moe_permute=2.3ms;elementwise=0.4ms,
0,45405762487,8.764,1,0.0,1.074,laggard_gpu_busy,gemm=7.0ms;moe_permute=2.4ms;hybridep_meta=0.0ms,
0,45569605110,5.615,4,0.001,1.02,laggard_gpu_busy,gemm=3.3ms;moe_permute=2.4ms;hybridep_meta=0.0ms,
0,45607972755,6.8,4,0.001,1.049,laggard_gpu_busy,gemm=4.6ms;moe_permute=2.6ms;hybridep_meta=0.0ms,
0,45772935645,23.731,6,0.0,1.014,laggard_gpu_busy,cat_copy=9.7ms;gemm=8.9ms;moe_permute=3.2ms,
0,45825050883,31.759,6,0.0,1.024,laggard_gpu_busy,gemm=16.6ms;cat_copy=9.0ms;elementwise=3.7ms,
0,46231339281,28.406,4,0.0,1.019,laggard_gpu_busy,gemm=12.8ms;cat_copy=9.9ms;moe_permute=3.8ms,
0,46284744171,39.287,4,0.0,1.013,laggard_gpu_busy,gemm=16.7ms;cat_copy=15.7ms;elementwise=4.0ms,
0,46687553985,26.267,3,0.0,1.025,laggard_gpu_busy,gemm=12.4ms;cat_copy=9.2ms;moe_permute=3.1ms,
0,46737460439,36.905,3,0.0,1.017,laggard_gpu_busy,gemm=15.9ms;cat_copy=14.5ms;elementwise=3.7ms,
0,46923677833,29.285,4,0.0,1.035,laggard_gpu_busy,gemm=14.8ms;cat_copy=10.0ms;moe_permute=3.2ms,
0,46976415004,39.838,4,0.0,1.015,laggard_gpu_busy,gemm=16.8ms;cat_copy=16.2ms;elementwise=4.0ms,
0,47173958944,13.911,4,0.0,1.021,laggard_gpu_busy,gemm=7.2ms;cat_copy=3.0ms;moe_permute=2.9ms,
0,47221745377,16.829,4,0.0,1.041,laggard_gpu_busy,gemm=14.4ms;moe_permute=3.1ms;cat_copy=0.1ms,
0,47389897373,28.11,2,0.0,1.028,laggard_gpu_busy,gemm=14.7ms;cat_copy=8.9ms;moe_permute=3.2ms,
0,47437916000,33.702,2,0.0,1.022,laggard_gpu_busy,gemm=15.3ms;cat_copy=12.4ms;elementwise=3.5ms,
0,47623734254,15.817,3,0.0,1.018,laggard_gpu_busy,gemm=5.9ms;cat_copy=5.9ms;moe_permute=2.5ms,
0,47663505471,18.798,3,0.0,1.038,laggard_gpu_busy,gemm=11.9ms;cat_copy=3.4ms;moe_permute=2.7ms,
0,47832038399,17.063,6,0.0,1.017,laggard_gpu_busy,gemm=7.0ms;cat_copy=5.3ms;moe_permute=3.1ms,
0,47878524083,20.588,6,0.0,1.038,laggard_gpu_busy,gemm=14.1ms;cat_copy=4.1ms;moe_permute=3.1ms,
0,48047000404,29.42,6,0.0,1.027,laggard_gpu_busy,gemm=13.4ms;cat_copy=10.9ms;moe_permute=3.5ms,
0,48101467805,37.627,6,0.0,1.015,laggard_gpu_busy,gemm=16.9ms;cat_copy=14.0ms;elementwise=3.9ms,
0,48287899875,15.209,3,0.0,1.02,laggard_gpu_busy,gemm=6.3ms;cat_copy=4.8ms;moe_permute=2.6ms,
0,48329714603,17.973,3,0.0,1.043,laggard_gpu_busy,gemm=12.6ms;cat_copy=3.4ms;moe_permute=2.8ms,
0,48500577618,13.532,2,0.0,1.024,laggard_gpu_busy,gemm=5.9ms;cat_copy=3.7ms;moe_permute=2.6ms,
0,48541201423,15.91,2,0.0,1.048,laggard_gpu_busy,gemm=11.9ms;moe_permute=2.8ms;cat_copy=2.0ms,
0,48708072109,6.809,5,0.001,1.047,laggard_gpu_busy,gemm=4.6ms;moe_permute=2.5ms;hybridep_meta=0.0ms,
0,48745880589,8.306,5,0.0,1.077,laggard_gpu_busy,gemm=6.5ms;moe_permute=2.5ms;hybridep_meta=0.0ms,
0,48907957915,11.997,4,0.0,1.026,laggard_gpu_busy,gemm=6.7ms;moe_permute=2.9ms;cat_copy=1.6ms,
0,48953221222,14.344,4,0.0,1.047,laggard_gpu_busy,gemm=12.1ms;moe_permute=3.0ms;hybridep_meta=0.0ms,
0,49118446004,20.245,6,0.0,1.014,laggard_gpu_busy,cat_copy=8.0ms;gemm=7.5ms;moe_permute=2.9ms,
0,49166938337,23.726,6,0.0,1.032,laggard_gpu_busy,gemm=15.0ms;cat_copy=4.3ms;moe_permute=3.1ms,
0,49357319982,6.801,1,0.001,1.058,laggard_gpu_busy,gemm=5.0ms;moe_permute=2.2ms;hybridep_meta=0.0ms,
0,49392223664,9.071,1,0.0,1.05,laggard_gpu_busy,gemm=7.1ms;moe_permute=2.4ms;hybridep_meta=0.0ms,
0,49561591944,16.485,7,0.0,1.017,laggard_gpu_busy,gemm=8.1ms;cat_copy=3.9ms;moe_permute=3.6ms,
0,49614378656,20.512,7,0.0,1.035,laggard_gpu_busy,gemm=15.9ms;moe_permute=3.6ms;cat_copy=1.7ms,
1,23696946370,13.722,0,0.0,1.022,laggard_gpu_busy,gemm=6.3ms;cat_copy=3.2ms;moe_permute=2.7ms,
1,23846699823,23.928,7,0.0,1.015,laggard_gpu_busy,gemm=9.8ms;cat_copy=8.9ms;moe_permute=3.4ms,
1,24092091908,16.687,6,0.0,1.019,laggard_gpu_busy,gemm=7.8ms;cat_copy=4.5ms;moe_permute=3.5ms,
1,24173499103,18.307,4,0.0,1.017,laggard_gpu_busy,cat_copy=7.0ms;gemm=6.6ms;moe_permute=3.1ms,
1,24257556450,8.403,5,0.0,1.037,laggard_gpu_busy,gemm=5.3ms;moe_permute=2.4ms;elementwise=0.9ms,
1,24399469240,15.472,2,0.0,1.02,laggard_gpu_busy,gemm=5.9ms;cat_copy=5.5ms;moe_permute=2.7ms,
1,24473924509,20.094,3,0.0,1.024,laggard_gpu_busy,gemm=8.8ms;cat_copy=7.3ms;moe_permute=2.7ms,
1,24565589912,19.095,6,0.0,1.013,laggard_gpu_busy,gemm=8.5ms;cat_copy=5.0ms;moe_permute=3.5ms,
1,24649920668,19.73,6,0.0,1.014,laggard_gpu_busy,cat_copy=7.7ms;gemm=7.0ms;moe_permute=3.2ms,
1,24810469003,8.171,3,0.001,1.046,laggard_gpu_busy,gemm=6.0ms;moe_permute=2.5ms;elementwise=0.0ms,
1,24878895966,25.153,2,0.0,0.975,laggard_gpu_busy,gemm=10.3ms;cat_copy=8.9ms;moe_permute=3.2ms,
1,24968347765,20.177,4,0.0,1.014,laggard_gpu_busy,cat_copy=8.3ms;gemm=7.2ms;moe_permute=3.0ms,
1,25049715075,30.779,4,0.0,1.03,laggard_gpu_busy,gemm=14.4ms;cat_copy=11.0ms;moe_permute=3.9ms,
1,25218441491,21.066,3,0.0,1.011,laggard_gpu_busy,gemm=7.9ms;cat_copy=7.9ms;moe_permute=3.3ms,
1,25299088863,20.221,0,0.0,1.021,laggard_gpu_busy,gemm=8.6ms;cat_copy=7.4ms;moe_permute=2.8ms,
1,25400476175,12.305,4,0.001,1.021,laggard_gpu_busy,gemm=8.2ms;moe_permute=3.2ms;elementwise=1.1ms,
1,25469765365,28.812,0,0.0,1.032,laggard_gpu_busy,gemm=15.7ms;cat_copy=8.9ms;moe_permute=3.0ms,
1,25634531928,24.12,6,0.0,0.97,laggard_gpu_busy,cat_copy=9.7ms;gemm=8.2ms;moe_permute=3.2ms,
1,25879948647,10.075,5,0.0,1.027,laggard_gpu_busy,gemm=5.7ms;moe_permute=2.5ms;cat_copy=1.1ms,
1,26029320759,7.421,7,0.001,1.025,laggard_gpu_busy,gemm=4.8ms;moe_permute=2.8ms;hybridep_meta=0.0ms,
1,26096570422,19.45,6,0.0,1.025,laggard_gpu_busy,gemm=8.4ms;cat_copy=7.0ms;moe_permute=2.8ms,
1,26198164903,8.213,3,0.001,1.028,laggard_gpu_busy,gemm=5.3ms;moe_permute=3.1ms;hybridep_meta=0.0ms,
1,26270430839,24.248,3,0.0,1.01,laggard_gpu_busy,gemm=9.8ms;cat_copy=9.3ms;moe_permute=3.2ms,
1,26429764424,14.722,2,0.0,1.017,laggard_gpu_busy,gemm=6.9ms;cat_copy=3.4ms;moe_permute=3.0ms,
1,26509466032,17.722,5,0.0,1.014,laggard_gpu_busy,gemm=6.9ms;cat_copy=6.2ms;moe_permute=2.9ms,
1,26591952546,17.581,0,0.0,1.014,laggard_gpu_busy,cat_copy=6.8ms;gemm=6.3ms;moe_permute=2.9ms,
1,26684707798,11.622,6,0.0,1.027,laggard_gpu_busy,gemm=7.9ms;moe_permute=3.1ms;elementwise=1.0ms,
1,26832951458,7.399,5,0.001,1.052,laggard_gpu_busy,gemm=5.4ms;moe_permute=2.4ms;hybridep_meta=0.0ms,
1,26906211765,9.809,6,0.0,1.032,laggard_gpu_busy,gemm=5.5ms;moe_permute=2.6ms;cat_copy=1.2ms,
1,26970601355,34.781,5,0.0,1.019,laggard_gpu_busy,gemm=19.8ms;cat_copy=10.0ms;moe_permute=3.2ms,
1,27217115885,11.422,2,0.0,1.027,laggard_gpu_busy,gemm=5.9ms;moe_permute=2.6ms;cat_copy=2.3ms,
1,27293754080,20.307,0,0.0,1.011,laggard_gpu_busy,cat_copy=7.8ms;gemm=7.5ms;moe_permute=3.1ms,
1,27386935342,7.263,5,0.001,1.032,laggard_gpu_busy,gemm=4.7ms;moe_permute=2.8ms;hybridep_meta=0.0ms,
1,27609841517,20.404,6,0.0,1.015,laggard_gpu_busy,cat_copy=8.0ms;gemm=7.5ms;moe_permute=3.1ms,
1,27695338911,21.356,7,0.0,1.013,laggard_gpu_busy,cat_copy=8.4ms;gemm=7.8ms;moe_permute=3.3ms,
1,27779468717,13.611,0,0.0,1.022,laggard_gpu_busy,gemm=5.7ms;cat_copy=4.1ms;moe_permute=2.5ms,
1,27867886633,8.984,4,0.001,1.042,laggard_gpu_busy,gemm=6.1ms;moe_permute=3.2ms;hybridep_meta=0.0ms,
1,28015813180,12.445,7,0.0,1.027,laggard_gpu_busy,gemm=7.0ms;moe_permute=2.9ms;cat_copy=1.8ms,
1,28092851696,21.285,6,0.0,1.014,laggard_gpu_busy,cat_copy=8.6ms;gemm=7.7ms;moe_permute=3.2ms,
1,28427063326,15.085,0,0.0,1.018,laggard_gpu_busy,gemm=5.9ms;cat_copy=5.2ms;moe_permute=2.6ms,
1,28506280922,23.544,6,0.0,1.032,laggard_gpu_busy,gemm=9.9ms;cat_copy=9.1ms;moe_permute=3.1ms,
1,28589424164,22.821,0,0.0,1.031,laggard_gpu_busy,gemm=11.1ms;cat_copy=7.7ms;moe_permute=2.8ms,
1,28676839997,27.302,4,0.0,1.016,laggard_gpu_busy,gemm=11.4ms;cat_copy=10.6ms;moe_permute=3.3ms,
1,28832165994,23.234,6,0.0,1.051,laggard_gpu_busy,gemm=11.7ms;cat_copy=7.9ms;moe_permute=3.0ms,
1,28915857078,17.766,7,0.0,1.024,laggard_gpu_busy,gemm=6.8ms;cat_copy=6.8ms;moe_permute=2.9ms,
1,28996534935,17.169,3,0.0,1.018,laggard_gpu_busy,cat_copy=6.4ms;gemm=6.3ms;moe_permute=2.9ms,
1,29079992290,12.845,2,0.0,1.023,laggard_gpu_busy,gemm=6.1ms;cat_copy=3.0ms;moe_permute=2.9ms,
1,29310582873,21.311,2,0.0,1.008,laggard_gpu_busy,cat_copy=8.4ms;gemm=8.0ms;moe_permute=3.0ms,
1,29397764527,5.182,7,0.001,1.021,laggard_gpu_busy,gemm=3.1ms;moe_permute=2.2ms;hybridep_meta=0.0ms,
1,29473476024,15.678,4,0.0,1.02,laggard_gpu_busy,gemm=6.8ms;cat_copy=4.2ms;moe_permute=3.1ms,
1,29782415986,7.656,0,0.0,1.037,laggard_gpu_busy,gemm=5.3ms;moe_permute=2.4ms;elementwise=0.2ms,
1,30088353537,18.201,4,0.0,1.029,laggard_gpu_busy,gemm=7.5ms;cat_copy=6.9ms;moe_permute=2.6ms,
1,30165344623,18.602,0,0.0,1.04,laggard_gpu_busy,gemm=7.9ms;cat_copy=7.0ms;moe_permute=2.7ms,
1,30240407189,23.557,3,0.0,1.035,laggard_gpu_busy,gemm=12.3ms;cat_copy=7.5ms;moe_permute=2.7ms,
1,30555685768,15.181,0,0.0,1.016,laggard_gpu_busy,gemm=6.2ms;cat_copy=4.8ms;moe_permute=2.7ms,
1,30636284804,13.887,5,0.0,1.021,laggard_gpu_busy,gemm=6.3ms;cat_copy=3.3ms;moe_permute=2.7ms,
1,30777912015,24.192,4,0.0,1.035,laggard_gpu_busy,gemm=12.7ms;cat_copy=7.7ms;moe_permute=2.8ms,
1,30862602267,30.637,6,0.0,1.014,laggard_gpu_busy,gemm=14.9ms;cat_copy=10.1ms;moe_permute=3.7ms,
1,30951250006,24.834,6,0.0,1.034,laggard_gpu_busy,gemm=13.0ms;cat_copy=8.0ms;moe_permute=2.8ms,
1,33493661374,170.336,5,0.0,0.059,laggard_gpu_idle(host),gemm=7.2ms;moe_permute=2.8ms;hybridep_meta=0.0ms,
1,33874174878,24.698,6,0.0,0.987,laggard_gpu_busy,gemm=11.8ms;cat_copy=7.9ms;moe_permute=2.8ms,
1,33917692316,29.463,6,0.0,1.021,laggard_gpu_busy,gemm=13.7ms;cat_copy=10.4ms;elementwise=3.1ms,
1,34098569107,70.862,6,0.0,0.437,mixed,gemm=14.8ms;cat_copy=10.4ms;moe_permute=3.4ms,
1,34192201004,40.166,6,0.0,1.012,laggard_gpu_busy,gemm=17.1ms;cat_copy=16.3ms;elementwise=3.9ms,
1,34379962465,23.61,4,0.0,1.04,laggard_gpu_busy,gemm=12.5ms;cat_copy=7.5ms;moe_permute=2.7ms,
1,34421348630,28.147,4,0.0,1.02,laggard_gpu_busy,gemm=12.7ms;cat_copy=10.2ms;elementwise=2.9ms,
1,34600268100,13.825,5,0.0,1.021,laggard_gpu_busy,gemm=6.3ms;cat_copy=3.3ms;moe_permute=2.7ms,
1,34643630306,16.705,5,0.0,1.038,laggard_gpu_busy,gemm=12.5ms;moe_permute=2.9ms;cat_copy=1.9ms,
1,34812369124,15.413,0,0.0,1.016,laggard_gpu_busy,gemm=6.2ms;cat_copy=5.0ms;moe_permute=2.7ms,
1,34854494300,18.696,0,0.0,1.034,laggard_gpu_busy,gemm=12.4ms;cat_copy=3.6ms;moe_permute=2.9ms,
1,35449663142,23.755,3,0.0,1.03,laggard_gpu_busy,gemm=12.2ms;cat_copy=7.7ms;moe_permute=2.8ms,
1,35491399517,28.528,3,0.0,1.024,laggard_gpu_busy,gemm=13.1ms;cat_copy=10.2ms;elementwise=3.0ms,
1,35666812820,18.583,0,0.0,1.025,laggard_gpu_busy,gemm=7.7ms;cat_copy=7.0ms;moe_permute=2.7ms,
1,35706956587,22.453,0,0.0,1.033,laggard_gpu_busy,gemm=12.0ms;cat_copy=5.6ms;moe_permute=2.8ms,
1,35872842556,18.427,4,0.0,1.023,laggard_gpu_busy,gemm=7.4ms;cat_copy=7.0ms;moe_permute=2.8ms,
1,35912428208,21.994,4,0.0,1.03,laggard_gpu_busy,gemm=11.8ms;cat_copy=5.3ms;moe_permute=2.8ms,
1,36543335939,7.93,0,0.0,1.036,laggard_gpu_busy,gemm=5.3ms;moe_permute=2.4ms;elementwise=0.5ms,
1,36580747212,9.631,0,0.0,1.046,laggard_gpu_busy,gemm=7.5ms;moe_permute=2.5ms;hybridep_meta=0.0ms,
1,37163003426,15.859,4,0.0,1.018,laggard_gpu_busy,gemm=6.8ms;cat_copy=4.4ms;moe_permute=3.0ms,
1,37208633105,19.193,4,0.0,1.021,laggard_gpu_busy,gemm=13.5ms;moe_permute=3.1ms;cat_copy=3.0ms,
1,37380042972,5.21,7,0.001,1.019,laggard_gpu_busy,gemm=3.1ms;moe_permute=2.2ms;hybridep_meta=0.0ms,
1,37415223036,5.862,7,0.001,1.037,laggard_gpu_busy,gemm=3.8ms;moe_permute=2.3ms;hybridep_meta=0.0ms,
1,37580132467,22.189,2,0.0,1.022,laggard_gpu_busy,cat_copy=8.6ms;gemm=8.5ms;moe_permute=3.5ms,
1,37628233336,26.868,2,0.0,1.025,laggard_gpu_busy,gemm=14.5ms;cat_copy=6.3ms;moe_permute=3.4ms,
1,38034675213,12.765,2,0.0,1.024,laggard_gpu_busy,gemm=6.2ms;cat_copy=3.0ms;moe_permute=2.8ms,
1,38077289913,15.526,2,0.0,1.049,laggard_gpu_busy,gemm=12.3ms;moe_permute=3.0ms;cat_copy=1.0ms,
1,38239919586,17.13,3,0.0,1.016,laggard_gpu_busy,gemm=6.4ms;cat_copy=6.4ms;moe_permute=2.8ms,
1,38282758510,20.906,3,0.0,1.034,laggard_gpu_busy,gemm=12.7ms;cat_copy=3.7ms;moe_permute=3.0ms,
1,38453183964,17.507,7,0.0,1.025,laggard_gpu_busy,cat_copy=6.8ms;gemm=6.7ms;moe_permute=2.7ms,
1,38494401921,20.989,7,0.0,1.031,laggard_gpu_busy,gemm=12.1ms;cat_copy=4.0ms;moe_permute=2.9ms,
1,38666838489,23.475,6,0.0,1.047,laggard_gpu_busy,gemm=11.7ms;cat_copy=8.0ms;moe_permute=3.0ms,
1,38711776655,28.083,6,0.0,1.023,laggard_gpu_busy,gemm=13.7ms;cat_copy=8.8ms;moe_permute=3.2ms,
1,38889170430,28.117,4,0.0,1.016,laggard_gpu_busy,gemm=11.7ms;cat_copy=10.7ms;moe_permute=3.7ms,
1,38945053481,39.056,4,0.0,1.016,laggard_gpu_busy,gemm=17.7ms;cat_copy=14.2ms;elementwise=4.2ms,
1,39129632091,22.725,0,0.0,1.031,laggard_gpu_busy,gemm=11.0ms;cat_copy=7.7ms;moe_permute=2.8ms,
1,39172497223,27.152,0,0.0,1.023,laggard_gpu_busy,gemm=13.2ms;cat_copy=8.7ms;elementwise=3.0ms,
1,39349382804,24.789,6,0.0,1.029,laggard_gpu_busy,gemm=10.1ms;cat_copy=9.9ms;moe_permute=3.4ms,
1,39400883786,32.158,6,0.0,1.02,laggard_gpu_busy,gemm=15.7ms;cat_copy=10.2ms;elementwise=3.6ms,
1,39586956803,15.472,0,0.0,1.016,laggard_gpu_busy,gemm=5.9ms;cat_copy=5.5ms;moe_permute=2.6ms,
1,39626578912,18.467,0,0.0,1.04,laggard_gpu_busy,gemm=11.8ms;cat_copy=3.4ms;moe_permute=2.7ms,
1,40280264816,20.841,6,0.0,1.014,laggard_gpu_busy,cat_copy=8.3ms;gemm=7.6ms;moe_permute=3.1ms,
1,40330016840,24.84,6,0.0,1.027,laggard_gpu_busy,gemm=15.3ms;cat_copy=4.4ms;moe_permute=3.3ms,
1,40517556206,12.831,7,0.0,1.025,laggard_gpu_busy,gemm=7.0ms;moe_permute=2.9ms;cat_copy=2.2ms,
1,40564171254,15.876,7,0.0,1.041,laggard_gpu_busy,gemm=13.4ms;moe_permute=3.2ms;hybridep_meta=0.0ms,
1,40765410496,8.929,4,0.001,1.039,laggard_gpu_busy,gemm=5.9ms;moe_permute=3.3ms;hybridep_meta=0.0ms,
1,40814105331,11.665,4,0.0,1.056,laggard_gpu_busy,gemm=9.1ms;moe_permute=3.2ms;hybridep_meta=0.0ms,
1,40976310779,13.471,0,0.0,1.023,laggard_gpu_busy,gemm=5.7ms;cat_copy=3.9ms;moe_permute=2.5ms,
1,41014686074,16.445,0,0.0,1.041,laggard_gpu_busy,gemm=11.4ms;cat_copy=3.1ms;moe_permute=2.6ms,
1,41180044785,20.853,7,0.0,1.012,laggard_gpu_busy,cat_copy=8.4ms;gemm=7.6ms;moe_permute=3.1ms,
1,41227693503,24.765,7,0.0,1.029,laggard_gpu_busy,gemm=14.7ms;cat_copy=4.4ms;elementwise=3.2ms,
1,41411066480,21.008,6,0.0,1.015,laggard_gpu_busy,cat_copy=8.3ms;gemm=7.6ms;moe_permute=3.3ms,
1,41460533830,24.522,6,0.0,1.031,laggard_gpu_busy,gemm=15.0ms;cat_copy=4.3ms;moe_permute=3.3ms,
1,41868079684,7.634,5,0.001,1.037,laggard_gpu_busy,gemm=4.9ms;moe_permute=3.0ms;hybridep_meta=0.0ms,
1,41911927589,9.822,5,0.0,1.02,laggard_gpu_busy,gemm=7.1ms;moe_permute=2.9ms;hybridep_meta=0.0ms,
1,42081365927,20.289,0,0.0,1.012,laggard_gpu_busy,cat_copy=7.8ms;gemm=7.5ms;moe_permute=3.1ms,
1,42131069861,28.022,0,0.0,1.023,laggard_gpu_busy,gemm=15.1ms;cat_copy=8.1ms;moe_permute=3.3ms,
1,42314790993,11.07,2,0.0,1.025,laggard_gpu_busy,gemm=5.8ms;moe_permute=2.5ms;cat_copy=2.0ms,
1,42354621437,13.356,2,0.0,1.045,laggard_gpu_busy,gemm=11.2ms;moe_permute=2.8ms;hybridep_meta=0.0ms,
1,42718192768,35.073,5,0.0,1.019,laggard_gpu_busy,gemm=19.8ms;cat_copy=10.2ms;moe_permute=3.3ms,
1,42770247754,45.002,5,0.0,1.017,laggard_gpu_busy,cat_copy=19.3ms;gemm=19.2ms;elementwise=3.9ms,
1,42967154746,9.402,6,0.0,1.033,laggard_gpu_busy,gemm=5.4ms;moe_permute=2.5ms;elementwise=0.9ms,
1,43005776415,11.105,6,0.0,1.039,laggard_gpu_busy,gemm=8.9ms;moe_permute=2.7ms;hybridep_meta=0.0ms,
1,43173380472,7.698,5,0.001,1.042,laggard_gpu_busy,gemm=5.4ms;moe_permute=2.4ms;elementwise=0.2ms,
1,43211014425,9.734,5,0.0,1.035,laggard_gpu_busy,gemm=7.5ms;moe_permute=2.6ms;hybridep_meta=0.0ms,
1,43387229662,11.705,6,0.0,1.029,laggard_gpu_busy,gemm=7.8ms;moe_permute=3.0ms;elementwise=1.2ms,
1,43439699370,17.013,6,0.0,1.038,laggard_gpu_busy,gemm=14.4ms;moe_permute=3.2ms;hybridep_meta=0.0ms,
1,43615109387,17.566,0,0.0,1.016,laggard_gpu_busy,cat_copy=6.7ms;gemm=6.3ms;moe_permute=3.0ms,
1,43658428201,20.712,0,0.0,1.03,laggard_gpu_busy,gemm=12.6ms;cat_copy=3.7ms;moe_permute=3.0ms,
1,43828811152,17.642,5,0.0,1.014,laggard_gpu_busy,gemm=6.9ms;cat_copy=6.1ms;moe_permute=2.9ms,
1,43875194787,21.148,5,0.0,1.03,laggard_gpu_busy,gemm=13.8ms;cat_copy=4.0ms;moe_permute=3.1ms,
1,44058423815,14.506,2,0.0,1.019,laggard_gpu_busy,gemm=6.9ms;cat_copy=3.4ms;moe_permute=2.9ms,
1,44104280120,17.178,2,0.0,1.042,laggard_gpu_busy,gemm=13.9ms;moe_permute=2.9ms;cat_copy=1.0ms,
1,44270666371,24.278,3,0.0,1.011,laggard_gpu_busy,gemm=9.9ms;cat_copy=9.2ms;moe_permute=3.2ms,
1,44321263790,33.405,3,0.0,1.02,laggard_gpu_busy,gemm=15.9ms;cat_copy=11.0ms;elementwise=3.7ms,
1,44518867869,8.067,3,0.001,1.022,laggard_gpu_busy,gemm=5.1ms;moe_permute=3.1ms;hybridep_meta=0.0ms,
1,44566862329,9.86,3,0.0,1.026,laggard_gpu_busy,gemm=7.0ms;moe_permute=3.1ms;hybridep_meta=0.0ms,
1,44725295354,19.944,6,0.0,1.026,laggard_gpu_busy,gemm=8.7ms;cat_copy=7.2ms;moe_permute=2.8ms,
1,44767223959,23.694,6,0.0,1.027,laggard_gpu_busy,gemm=12.3ms;cat_copy=6.2ms;moe_permute=3.1ms,
1,44959135208,6.829,7,0.001,1.02,laggard_gpu_busy,gemm=4.1ms;moe_permute=2.9ms;hybridep_meta=0.0ms,
1,45003489970,8.28,7,0.001,1.025,laggard_gpu_busy,gemm=5.6ms;moe_permute=2.9ms;hybridep_meta=0.0ms,
1,45163963614,10.402,5,0.0,1.026,laggard_gpu_busy,gemm=5.8ms;moe_permute=2.6ms;cat_copy=1.4ms,
1,45203737327,12.958,5,0.0,1.043,laggard_gpu_busy,gemm=10.7ms;moe_permute=2.8ms;hybridep_meta=0.0ms,
1,45772208445,24.46,6,0.0,1.013,laggard_gpu_busy,cat_copy=9.7ms;gemm=9.6ms;moe_permute=3.2ms,
1,45824073613,32.739,6,0.0,1.023,laggard_gpu_busy,gemm=16.6ms;cat_copy=9.9ms;elementwise=3.7ms,
1,46001058320,29.117,0,0.0,1.031,laggard_gpu_busy,gemm=15.8ms;cat_copy=8.9ms;moe_permute=3.1ms,
1,46049001520,34.34,0,0.0,1.019,laggard_gpu_busy,gemm=14.9ms;cat_copy=13.4ms;elementwise=3.5ms,
1,46246153041,13.595,4,0.0,1.022,laggard_gpu_busy,gemm=8.4ms;moe_permute=3.8ms;elementwise=1.3ms,
1,46302169502,21.864,4,0.0,1.026,laggard_gpu_busy,gemm=16.7ms;moe_permute=3.4ms;cat_copy=2.3ms,
1,46471739660,20.353,0,0.0,1.021,laggard_gpu_busy,gemm=8.7ms;cat_copy=7.4ms;moe_permute=2.8ms,
1,46514581713,23.897,0,0.0,1.028,laggard_gpu_busy,gemm=12.6ms;cat_copy=6.0ms;moe_permute=3.0ms,
1,46693246096,20.578,3,0.0,1.013,laggard_gpu_busy,gemm=7.9ms;cat_copy=7.7ms;moe_permute=3.1ms,
1,46743957184,30.411,3,0.0,1.021,laggard_gpu_busy,gemm=15.9ms;cat_copy=8.9ms;moe_permute=3.5ms,
1,46924397192,28.569,4,0.0,1.036,laggard_gpu_busy,gemm=14.1ms;cat_copy=10.0ms;moe_permute=3.2ms,
1,46977109635,39.146,4,0.0,1.016,laggard_gpu_busy,gemm=16.8ms;cat_copy=15.5ms;elementwise=4.0ms,
1,47167776706,20.097,4,0.0,1.014,laggard_gpu_busy,cat_copy=8.2ms;gemm=7.2ms;moe_permute=2.9ms,
1,47214399388,24.178,4,0.0,1.028,laggard_gpu_busy,gemm=14.4ms;cat_copy=4.3ms;elementwise=3.1ms,
1,47392854809,25.156,2,0.0,1.021,laggard_gpu_busy,gemm=11.5ms;cat_copy=8.9ms;moe_permute=3.2ms,
1,47441176925,30.445,2,0.0,1.024,laggard_gpu_busy,gemm=15.3ms;cat_copy=9.1ms;elementwise=3.5ms,
1,47631510618,8.045,3,0.001,1.046,laggard_gpu_busy,gemm=5.9ms;moe_permute=2.5ms;hybridep_meta=0.0ms,
1,47672587542,9.719,3,0.0,1.052,laggard_gpu_busy,gemm=7.5ms;moe_permute=2.7ms;hybridep_meta=0.0ms,
1,47830331780,18.773,6,0.0,1.015,laggard_gpu_busy,cat_copy=7.0ms;gemm=7.0ms;moe_permute=3.1ms,
1,47876295003,22.82,6,0.0,1.034,laggard_gpu_busy,gemm=14.1ms;cat_copy=4.1ms;moe_permute=3.1ms,
1,48056307266,20.116,6,0.0,1.012,laggard_gpu_busy,gemm=8.6ms;cat_copy=5.9ms;moe_permute=3.5ms,
1,48112233046,26.865,6,0.0,1.023,laggard_gpu_busy,gemm=16.9ms;cat_copy=7.2ms;moe_permute=3.4ms,
1,48283230722,19.88,3,0.0,1.023,laggard_gpu_busy,gemm=8.7ms;cat_copy=7.2ms;moe_permute=2.6ms,
1,48324137987,23.553,3,0.0,1.032,laggard_gpu_busy,gemm=12.6ms;cat_copy=6.1ms;elementwise=2.8ms,
1,48498681796,15.432,2,0.0,1.02,laggard_gpu_busy,gemm=5.9ms;cat_copy=5.6ms;moe_permute=2.6ms,
1,48538585983,18.528,2,0.0,1.041,laggard_gpu_busy,gemm=11.9ms;cat_copy=3.4ms;moe_permute=2.8ms,
1,48706421530,8.462,5,0.001,1.036,laggard_gpu_busy,gemm=5.3ms;moe_permute=2.5ms;elementwise=0.9ms,
1,48743833864,10.355,5,0.0,1.061,laggard_gpu_busy,gemm=8.5ms;moe_permute=2.5ms;hybridep_meta=0.0ms,
1,48901516139,18.442,4,0.0,1.016,laggard_gpu_busy,cat_copy=7.2ms;gemm=6.7ms;moe_permute=2.9ms,
1,48945795487,21.773,4,0.0,1.035,laggard_gpu_busy,gemm=13.4ms;cat_copy=3.9ms;moe_permute=3.0ms,
1,49123496944,15.197,6,0.0,1.02,laggard_gpu_busy,gemm=7.5ms;cat_copy=3.8ms;moe_permute=2.9ms,
1,49173064289,17.604,6,0.0,1.043,laggard_gpu_busy,gemm=15.0ms;moe_permute=3.1ms;cat_copy=0.3ms,
1,49552806186,25.273,7,0.0,1.014,laggard_gpu_busy,gemm=10.0ms;cat_copy=9.8ms;moe_permute=3.6ms,
1,49603909507,30.984,7,0.0,1.022,laggard_gpu_busy,gemm=15.9ms;cat_copy=8.6ms;moe_permute=3.6ms,
1,49988587207,13.806,0,0.0,1.022,laggard_gpu_busy,gemm=6.3ms;cat_copy=3.1ms;moe_permute=2.9ms,
1,50031114417,17.44,0,0.0,1.04,laggard_gpu_busy,gemm=12.5ms;moe_permute=2.9ms;cat_copy=2.6ms,
2,23698705498,11.961,0,0.0,1.025,laggard_gpu_busy,gemm=6.3ms;moe_permute=2.7ms;cat_copy=2.2ms,
2,23845301677,25.326,7,0.0,1.016,laggard_gpu_busy,gemm=11.3ms;cat_copy=8.9ms;moe_permute=3.4ms,
2,24086921257,21.857,6,0.0,1.014,laggard_gpu_busy,cat_copy=8.7ms;gemm=7.8ms;moe_permute=3.5ms,
2,24174505095,17.301,4,0.0,1.018,laggard_gpu_busy,gemm=6.6ms;cat_copy=6.0ms;moe_permute=3.1ms,
2,24257297662,8.66,5,0.0,1.036,laggard_gpu_busy,gemm=5.3ms;moe_permute=2.4ms;elementwise=0.9ms,
2,24486237480,7.781,3,0.001,1.04,laggard_gpu_busy,gemm=5.4ms;moe_permute=2.7ms;hybridep_meta=0.0ms,
2,24565852891,18.832,6,0.0,1.013,laggard_gpu_busy,gemm=8.5ms;cat_copy=4.7ms;moe_permute=3.5ms,
2,24651337558,18.312,6,0.0,1.015,laggard_gpu_busy,gemm=7.0ms;cat_copy=6.3ms;moe_permute=3.2ms,
2,24967558176,20.967,4,0.0,1.015,laggard_gpu_busy,cat_copy=8.4ms;gemm=7.8ms;moe_permute=3.0ms,
2,25049255011,31.239,4,0.0,1.03,laggard_gpu_busy,gemm=14.9ms;cat_copy=11.0ms;moe_permute=3.9ms,
2,25218833107,20.675,3,0.0,1.011,laggard_gpu_busy,gemm=7.9ms;cat_copy=7.5ms;moe_permute=3.3ms,
2,25383900828,28.878,4,0.0,0.982,laggard_gpu_busy,gemm=12.8ms;cat_copy=9.9ms;moe_permute=3.2ms,
2,25486263360,12.313,0,0.0,1.026,laggard_gpu_busy,gemm=7.5ms;moe_permute=3.0ms;elementwise=1.2ms,
2,25632252970,26.398,6,0.0,1.014,laggard_gpu_busy,gemm=11.6ms;cat_copy=9.7ms;moe_permute=3.2ms,
2,25729952934,11.443,4,0.0,1.027,laggard_gpu_busy,gemm=5.4ms;cat_copy=2.6ms;moe_permute=2.5ms,
2,25879169717,10.855,5,0.0,1.025,laggard_gpu_busy,gemm=5.7ms;moe_permute=2.5ms;cat_copy=1.9ms,
2,26020376504,16.365,7,0.0,1.017,laggard_gpu_busy,gemm=6.4ms;cat_copy=5.6ms;moe_permute=2.8ms,
2,26096367346,19.653,6,0.0,1.032,laggard_gpu_busy,gemm=8.8ms;cat_copy=7.0ms;moe_permute=2.8ms,
2,26190079144,16.3,3,0.0,1.02,laggard_gpu_busy,gemm=7.0ms;cat_copy=4.6ms;moe_permute=3.1ms,
2,26272774476,21.904,3,0.0,1.012,laggard_gpu_busy,cat_copy=8.9ms;gemm=7.9ms;moe_permute=3.2ms,
2,26506530211,20.658,5,0.0,1.024,laggard_gpu_busy,cat_copy=8.2ms;gemm=8.1ms;moe_permute=2.9ms,
2,26600762170,8.772,0,0.0,1.038,laggard_gpu_busy,gemm=6.2ms;moe_permute=2.9ms;hybridep_meta=0.0ms,
2,26666737284,29.593,6,0.0,1.029,laggard_gpu_busy,gemm=15.9ms;cat_copy=9.3ms;moe_permute=3.1ms,
2,26826290340,14.059,5,0.0,1.022,laggard_gpu_busy,gemm=5.4ms;cat_copy=5.0ms;moe_permute=2.4ms,
2,26908837896,7.183,6,0.001,1.046,laggard_gpu_busy,gemm=5.0ms;moe_permute=2.6ms;hybridep_meta=0.0ms,
2,26980632987,24.75,5,0.0,1.019,laggard_gpu_busy,cat_copy=10.0ms;gemm=9.6ms;moe_permute=3.2ms,
2,27075911284,6.712,1,0.001,1.038,laggard_gpu_busy,gemm=4.4ms;moe_permute=2.5ms;hybridep_meta=0.0ms,
2,27294021599,20.038,0,0.0,1.012,laggard_gpu_busy,cat_copy=7.5ms;gemm=7.5ms;moe_permute=3.1ms,
2,27378505534,15.693,5,0.0,1.021,laggard_gpu_busy,gemm=6.2ms;cat_copy=5.2ms;moe_permute=2.8ms,
2,27458347253,16.772,1,0.0,1.017,laggard_gpu_busy,gemm=6.6ms;cat_copy=5.7ms;moe_permute=2.9ms,
2,27611493909,18.751,6,0.0,1.017,laggard_gpu_busy,gemm=7.5ms;cat_copy=6.3ms;moe_permute=3.1ms,
2,27696550262,20.144,7,0.0,1.012,laggard_gpu_busy,cat_copy=7.7ms;gemm=7.4ms;moe_permute=3.3ms,
2,27785899582,7.179,0,0.0,1.04,laggard_gpu_busy,gemm=5.0ms;moe_permute=2.5ms;hybridep_meta=0.0ms,
2,27848398516,28.471,4,0.0,1.056,laggard_gpu_busy,gemm=16.1ms;cat_copy=8.6ms;moe_permute=3.2ms,
2,28016594928,11.663,7,0.0,1.029,laggard_gpu_busy,gemm=7.0ms;moe_permute=2.9ms;elementwise=1.1ms,
2,28087762327,26.375,6,0.0,1.033,laggard_gpu_busy,gemm=12.7ms;cat_copy=9.2ms;moe_permute=3.2ms,
2,28174711354,19.402,1,0.0,1.021,laggard_gpu_busy,gemm=7.7ms;cat_copy=7.4ms;moe_permute=2.9ms,
2,28266646248,26.68,1,0.0,1.01,laggard_gpu_busy,gemm=10.4ms;cat_copy=9.9ms;moe_permute=3.8ms,
2,28510621939,19.204,6,0.0,1.015,laggard_gpu_busy,gemm=7.9ms;cat_copy=6.3ms;moe_permute=3.1ms,
2,28606394728,5.849,0,0.001,1.03,laggard_gpu_busy,gemm=3.2ms;moe_permute=2.8ms;hybridep_meta=0.0ms,
2,28681433589,22.708,4,0.0,1.012,laggard_gpu_busy,gemm=8.9ms;cat_copy=8.3ms;moe_permute=3.3ms,
2,28840165216,15.234,6,0.0,1.02,laggard_gpu_busy,gemm=6.9ms;cat_copy=3.8ms;moe_permute=3.0ms,
2,28925429697,8.193,7,0.001,1.027,laggard_gpu_busy,gemm=5.5ms;moe_permute=2.9ms;hybridep_meta=0.0ms,
2,28992954144,20.75,3,0.0,1.028,laggard_gpu_busy,gemm=9.2ms;cat_copy=7.5ms;moe_permute=2.9ms,
2,29236461067,11.336,1,0.0,1.025,laggard_gpu_busy,gemm=7.2ms;moe_permute=3.0ms;elementwise=1.1ms,
2,29394659908,8.287,7,0.001,1.036,laggard_gpu_busy,gemm=5.0ms;moe_permute=2.2ms;elementwise=0.8ms,
2,29470510826,18.644,4,0.0,1.017,laggard_gpu_busy,cat_copy=7.1ms;gemm=6.8ms;moe_permute=3.1ms,
2,29628770370,11.782,1,0.0,1.026,laggard_gpu_busy,gemm=6.6ms;moe_permute=2.7ms;cat_copy=1.8ms,
2,29708495088,6.525,1,0.001,1.032,laggard_gpu_busy,gemm=4.3ms;moe_permute=2.4ms;hybridep_meta=0.0ms,
2,29775096193,14.974,0,0.0,1.017,laggard_gpu_busy,cat_copy=5.9ms;gemm=5.3ms;moe_permute=2.4ms,
2,29858608983,20.583,1,0.0,1.014,laggard_gpu_busy,gemm=8.2ms;cat_copy=7.3ms;moe_permute=3.2ms,
2,30016712592,12.337,6,0.0,1.022,laggard_gpu_busy,gemm=6.4ms;moe_permute=2.8ms;cat_copy=2.4ms,
2,30172895524,11.05,0,0.0,1.027,laggard_gpu_busy,gemm=6.0ms;moe_permute=2.7ms;cat_copy=1.7ms,
2,30252802451,11.161,3,0.0,1.028,laggard_gpu_busy,gemm=6.5ms;moe_permute=2.7ms;cat_copy=1.2ms,
2,30555977735,14.889,0,0.0,1.016,laggard_gpu_busy,gemm=6.2ms;cat_copy=4.5ms;moe_permute=2.7ms,
2,30634921459,15.249,5,0.0,1.019,laggard_gpu_busy,gemm=6.3ms;cat_copy=4.7ms;moe_permute=2.7ms,
2,30781275954,20.827,4,0.0,1.025,laggard_gpu_busy,gemm=9.0ms;cat_copy=7.7ms;moe_permute=2.8ms,
2,30878056517,15.182,6,0.0,1.017,laggard_gpu_busy,gemm=8.4ms;moe_permute=3.7ms;cat_copy=2.0ms,
2,30950983556,25.101,6,0.0,1.034,laggard_gpu_busy,gemm=13.2ms;cat_copy=8.0ms;moe_permute=2.8ms,
2,31050196349,18.587,1,0.0,1.015,laggard_gpu_busy,gemm=9.0ms;cat_copy=4.6ms;moe_permute=3.4ms,
2,33474411535,189.586,5,0.0,0.056,laggard_gpu_idle(host),gemm=7.2ms;moe_permute=2.8ms;elementwise=0.6ms,
2,33703485687,26.547,1,0.0,1.021,laggard_gpu_busy,gemm=18.3ms;cat_copy=5.3ms;moe_permute=3.5ms,
2,33873823722,25.048,6,0.0,0.974,laggard_gpu_busy,gemm=11.8ms;cat_copy=7.9ms;moe_permute=2.8ms,
2,33917373209,29.782,6,0.0,1.021,laggard_gpu_busy,gemm=13.7ms;cat_copy=10.7ms;elementwise=3.1ms,
2,34113723630,55.706,6,0.0,0.281,laggard_gpu_idle(host),gemm=8.4ms;moe_permute=3.4ms;cat_copy=2.5ms,
2,34210158436,22.208,6,0.0,1.026,laggard_gpu_busy,gemm=17.1ms;moe_permute=3.3ms;cat_copy=2.4ms,
2,34383378398,20.194,4,0.0,1.029,laggard_gpu_busy,gemm=8.7ms;cat_copy=7.5ms;moe_permute=2.7ms,
2,34425305449,24.189,4,0.0,1.024,laggard_gpu_busy,gemm=12.7ms;cat_copy=6.3ms;elementwise=2.9ms,
2,34598908388,15.182,5,0.0,1.019,laggard_gpu_busy,gemm=6.3ms;cat_copy=4.6ms;moe_permute=2.7ms,
2,34641946481,18.389,5,0.0,1.034,laggard_gpu_busy,gemm=12.5ms;cat_copy=3.6ms;moe_permute=2.9ms,
2,34812741605,15.04,0,0.0,1.016,laggard_gpu_busy,gemm=6.2ms;cat_copy=4.6ms;moe_permute=2.7ms,
2,34855039377,18.15,0,0.0,1.035,laggard_gpu_busy,gemm=12.4ms;cat_copy=3.5ms;moe_permute=2.9ms,
2,35077338792,5.167,1,0.001,1.058,laggard_gpu_busy,moe_permute=2.9ms;gemm=2.6ms;hybridep_meta=0.0ms,
2,35252777063,5.069,6,0.001,1.034,laggard_gpu_busy,moe_permute=2.7ms;gemm=2.5ms;hybridep_meta=0.0ms,
2,35297660442,6.069,6,0.001,1.03,laggard_gpu_busy,gemm=3.3ms;moe_permute=2.9ms;hybridep_meta=0.0ms,
2,35461966749,11.45,3,0.0,1.025,laggard_gpu_busy,gemm=6.5ms;moe_permute=2.8ms;cat_copy=1.4ms,
2,35506098222,13.829,3,0.0,1.042,laggard_gpu_busy,gemm=11.5ms;moe_permute=2.9ms;hybridep_meta=0.0ms,
2,35674101938,11.293,0,0.0,1.026,laggard_gpu_busy,gemm=6.0ms;moe_permute=2.7ms;cat_copy=1.9ms,
2,35715594563,13.814,0,0.0,1.057,laggard_gpu_busy,gemm=11.8ms;moe_permute=2.8ms;hybridep_meta=0.0ms,
2,36092360295,12.722,6,0.0,1.02,laggard_gpu_busy,gemm=6.4ms;moe_permute=3.1ms;cat_copy=2.4ms,
2,36136841633,15.648,6,0.0,1.04,laggard_gpu_busy,gemm=12.7ms;moe_permute=3.0ms;cat_copy=0.6ms,
2,36307936435,21.066,1,0.0,1.016,laggard_gpu_busy,gemm=8.3ms;cat_copy=7.5ms;moe_permute=3.4ms,
2,36360407330,29.394,1,0.0,1.024,laggard_gpu_busy,gemm=16.4ms;cat_copy=8.7ms;moe_permute=3.3ms,
2,36536271330,14.994,0,0.0,1.018,laggard_gpu_busy,cat_copy=5.9ms;gemm=5.3ms;moe_permute=2.4ms,
2,36572449637,17.927,0,0.0,1.036,laggard_gpu_busy,gemm=10.6ms;cat_copy=3.1ms;moe_permute=2.5ms,
2,36749166951,6.126,1,0.001,1.028,laggard_gpu_busy,gemm=3.9ms;moe_permute=2.4ms;hybridep_meta=0.0ms,
2,36787017870,7.255,1,0.001,1.016,laggard_gpu_busy,gemm=4.9ms;moe_permute=2.5ms;hybridep_meta=0.0ms,
2,36952160177,11.847,1,0.001,1.029,laggard_gpu_busy,gemm=6.6ms;moe_permute=2.8ms;cat_copy=1.7ms,
2,36996301481,14.288,1,0.0,1.04,laggard_gpu_busy,gemm=11.9ms;moe_permute=2.9ms;hybridep_meta=0.0ms,
2,37160039848,18.821,4,0.0,1.015,laggard_gpu_busy,cat_copy=7.4ms;gemm=6.8ms;moe_permute=3.0ms,
2,37205195011,22.631,4,0.0,1.017,laggard_gpu_busy,gemm=13.5ms;cat_copy=4.1ms;moe_permute=3.1ms,
2,37376937975,8.315,7,0.001,1.03,laggard_gpu_busy,gemm=4.9ms;moe_permute=2.2ms;elementwise=0.8ms,
2,37411173461,9.91,7,0.0,1.047,laggard_gpu_busy,gemm=8.1ms;moe_permute=2.3ms;hybridep_meta=0.0ms,
2,37816917239,11.367,1,0.0,1.027,laggard_gpu_busy,gemm=7.3ms;moe_permute=3.0ms;elementwise=1.1ms,
2,37866443911,12.745,1,0.0,1.034,laggard_gpu_busy,gemm=10.1ms;moe_permute=3.1ms;hybridep_meta=0.0ms,
2,38236289144,20.759,3,0.0,1.028,laggard_gpu_busy,gemm=9.4ms;cat_copy=7.3ms;moe_permute=2.8ms,
2,38278519314,25.145,3,0.0,1.027,laggard_gpu_busy,gemm=12.7ms;cat_copy=7.2ms;moe_permute=3.0ms,
2,38462750793,7.941,7,0.001,1.028,laggard_gpu_busy,gemm=5.4ms;moe_permute=2.7ms;hybridep_meta=0.0ms,
2,38506095527,9.294,7,0.001,1.043,laggard_gpu_busy,gemm=6.8ms;moe_permute=2.9ms;hybridep_meta=0.0ms,
2,38674794896,15.517,6,0.0,1.018,laggard_gpu_busy,gemm=6.9ms;cat_copy=4.1ms;moe_permute=3.0ms,
2,38721145334,18.713,6,0.0,1.036,laggard_gpu_busy,gemm=13.7ms;moe_permute=3.2ms;cat_copy=2.5ms,
2,38894105612,23.18,4,0.0,1.011,laggard_gpu_busy,gemm=9.0ms;cat_copy=8.3ms;moe_permute=3.7ms,
2,38950760593,33.348,4,0.0,1.019,laggard_gpu_busy,gemm=17.7ms;cat_copy=10.0ms;moe_permute=3.6ms,
2,39146600137,5.757,0,0.001,1.027,laggard_gpu_busy,gemm=3.2ms;moe_permute=2.8ms;hybridep_meta=0.0ms,
2,39192359021,7.29,0,0.0,1.032,laggard_gpu_busy,gemm=4.6ms;moe_permute=2.9ms;hybridep_meta=0.0ms,
2,39353664129,20.507,6,0.0,1.013,laggard_gpu_busy,gemm=8.0ms;cat_copy=7.2ms;moe_permute=3.4ms,
2,39405899513,27.141,6,0.0,1.025,laggard_gpu_busy,gemm=15.7ms;cat_copy=8.2ms;moe_permute=3.3ms,
2,39803381645,30.585,1,0.0,1.01,laggard_gpu_busy,cat_copy=12.2ms;gemm=11.4ms;moe_permute=4.4ms,
2,39870799642,42.054,1,0.0,1.015,laggard_gpu_busy,gemm=20.4ms;cat_copy=13.5ms;elementwise=4.9ms,
2,40063656357,19.429,1,0.0,1.02,laggard_gpu_busy,gemm=7.7ms;cat_copy=7.5ms;moe_permute=2.8ms,
2,40106866440,23.315,1,0.0,1.028,laggard_gpu_busy,gemm=13.0ms;cat_copy=5.1ms;moe_permute=3.0ms,
2,40275166472,25.939,6,0.0,1.034,laggard_gpu_busy,gemm=12.8ms;cat_copy=8.9ms;moe_permute=3.1ms,
2,40323819932,31.036,6,0.0,1.021,laggard_gpu_busy,gemm=15.3ms;cat_copy=9.6ms;elementwise=3.4ms,
2,40518650893,11.737,7,0.0,1.028,laggard_gpu_busy,gemm=7.0ms;moe_permute=2.9ms;elementwise=1.1ms,
2,40565476188,14.57,7,0.0,1.041,laggard_gpu_busy,gemm=12.0ms;moe_permute=3.2ms;hybridep_meta=0.0ms,
2,40745854336,28.484,4,0.0,1.052,laggard_gpu_busy,gemm=16.1ms;cat_copy=8.5ms;moe_permute=3.3ms,
2,40791231274,34.539,4,0.0,1.025,laggard_gpu_busy,gemm=15.1ms;cat_copy=13.9ms;moe_permute=3.2ms,
2,40982790225,6.99,0,0.0,1.044,laggard_gpu_busy,gemm=4.8ms;moe_permute=2.5ms;hybridep_meta=0.0ms,
2,41022758443,8.373,0,0.0,1.037,laggard_gpu_busy,gemm=6.0ms;moe_permute=2.6ms;hybridep_meta=0.0ms,
2,41181167564,19.73,7,0.0,1.013,laggard_gpu_busy,cat_copy=7.6ms;gemm=7.3ms;moe_permute=3.1ms,
2,41228903518,23.555,7,0.0,1.031,laggard_gpu_busy,gemm=14.7ms;cat_copy=4.1ms;moe_permute=3.1ms,
2,41413127566,18.947,6,0.0,1.017,laggard_gpu_busy,gemm=7.6ms;cat_copy=6.3ms;moe_permute=3.3ms,
2,41463054150,22.0,6,0.0,1.035,laggard_gpu_busy,gemm=15.0ms;cat_copy=4.3ms;moe_permute=3.3ms,
2,41641417029,16.845,1,0.0,1.017,laggard_gpu_busy,gemm=6.6ms;cat_copy=5.7ms;moe_permute=3.0ms,
2,41684802024,20.665,1,0.0,1.036,laggard_gpu_busy,gemm=13.2ms;cat_copy=3.8ms;moe_permute=2.9ms,
2,41859630091,16.084,5,0.0,1.019,laggard_gpu_busy,gemm=6.3ms;cat_copy=5.3ms;moe_permute=3.0ms,
2,41902029649,19.719,5,0.0,1.024,laggard_gpu_busy,gemm=12.2ms;cat_copy=3.8ms;moe_permute=2.9ms,
2,42081529225,20.127,0,0.0,1.013,laggard_gpu_busy,cat_copy=7.6ms;gemm=7.5ms;moe_permute=3.1ms,
2,42131022373,28.069,0,0.0,1.022,laggard_gpu_busy,gemm=15.1ms;cat_copy=8.1ms;moe_permute=3.3ms,
2,42526994185,7.029,1,0.001,1.037,laggard_gpu_busy,gemm=4.5ms;moe_permute=2.8ms;hybridep_meta=0.0ms,
2,42568628429,8.502,1,0.001,1.058,laggard_gpu_busy,gemm=6.3ms;moe_permute=2.7ms;hybridep_meta=0.0ms,
2,42728189669,25.075,5,0.0,1.02,laggard_gpu_busy,cat_copy=10.2ms;gemm=9.7ms;moe_permute=3.3ms,
2,42781845039,33.404,5,0.0,1.018,laggard_gpu_busy,gemm=16.8ms;cat_copy=9.9ms;elementwise=3.9ms,
2,42969889185,6.667,6,0.001,1.03,laggard_gpu_busy,gemm=4.3ms;moe_permute=2.5ms;hybridep_meta=0.0ms,
2,43009187038,7.694,6,0.001,1.045,laggard_gpu_busy,gemm=5.4ms;moe_permute=2.7ms;hybridep_meta=0.0ms,
2,43167107089,13.969,5,0.0,1.021,laggard_gpu_busy,gemm=5.4ms;cat_copy=4.9ms;moe_permute=2.4ms,
2,43203688580,17.06,5,0.0,1.041,laggard_gpu_busy,gemm=10.8ms;cat_copy=3.2ms;moe_permute=2.6ms,
2,43369610929,29.324,6,0.0,1.032,laggard_gpu_busy,gemm=16.0ms;cat_copy=9.1ms;moe_permute=3.0ms,
2,43418601996,38.11,6,0.0,1.016,laggard_gpu_busy,cat_copy=16.4ms;gemm=15.5ms;elementwise=3.5ms,
2,43624033717,8.642,0,0.0,1.04,laggard_gpu_busy,gemm=6.0ms;moe_permute=3.0ms;hybridep_meta=0.0ms,
2,43669120356,10.02,0,0.0,1.047,laggard_gpu_busy,gemm=7.5ms;moe_permute=3.0ms;hybridep_meta=0.0ms,
2,43825561395,20.892,5,0.0,1.026,laggard_gpu_busy,gemm=8.3ms;cat_copy=8.2ms;moe_permute=2.9ms,
2,43871547305,24.796,5,0.0,1.025,laggard_gpu_busy,gemm=13.8ms;cat_copy=5.4ms;elementwise=3.2ms,
2,44273099316,21.845,3,0.0,1.012,laggard_gpu_busy,cat_copy=8.8ms;gemm=7.9ms;moe_permute=3.2ms,
2,44324139388,30.528,3,0.0,1.022,laggard_gpu_busy,gemm=15.9ms;cat_copy=8.5ms;moe_permute=3.5ms,
2,44510859235,16.076,3,0.0,1.02,laggard_gpu_busy,gemm=7.0ms;cat_copy=4.4ms;moe_permute=3.1ms,
2,44557271164,19.45,3,0.0,1.038,laggard_gpu_busy,gemm=13.9ms;cat_copy=3.2ms;moe_permute=3.1ms,
2,44725239493,20.001,6,0.0,1.026,laggard_gpu_busy,gemm=8.7ms;cat_copy=7.2ms;moe_permute=2.8ms,
2,44767051855,23.865,6,0.0,1.027,laggard_gpu_busy,gemm=12.3ms;cat_copy=6.4ms;moe_permute=3.1ms,
2,44950126986,15.837,7,0.0,1.018,laggard_gpu_busy,gemm=6.4ms;cat_copy=5.1ms;moe_permute=2.9ms,
2,44992752151,19.017,7,0.0,1.036,laggard_gpu_busy,gemm=12.7ms;cat_copy=3.6ms;moe_permute=2.9ms,
2,45163198536,11.166,5,0.0,1.024,laggard_gpu_busy,gemm=5.8ms;moe_permute=2.6ms;cat_copy=2.1ms,
2,45203180044,13.515,5,0.0,1.048,laggard_gpu_busy,gemm=11.4ms;moe_permute=2.8ms;hybridep_meta=0.0ms,
2,45563710096,11.513,4,0.0,1.024,laggard_gpu_busy,gemm=5.4ms;cat_copy=2.6ms;moe_permute=2.4ms,
2,45601209163,13.566,4,0.0,1.058,laggard_gpu_busy,gemm=10.9ms;moe_permute=2.6ms;cat_copy=0.9ms,
2,45770004504,26.664,6,0.0,1.013,laggard_gpu_busy,gemm=11.8ms;cat_copy=9.7ms;moe_permute=3.2ms,
2,45821599202,35.213,6,0.0,1.022,laggard_gpu_busy,gemm=16.6ms;cat_copy=12.4ms;elementwise=3.7ms,
2,46017689416,12.485,0,0.0,1.024,laggard_gpu_busy,gemm=7.5ms;moe_permute=3.1ms;elementwise=1.2ms,
2,46069122420,14.217,0,0.0,1.029,laggard_gpu_busy,gemm=11.5ms;moe_permute=3.2ms;hybridep_meta=0.0ms,
2,46230112048,29.634,4,0.0,1.021,laggard_gpu_busy,gemm=14.1ms;cat_copy=9.9ms;moe_permute=3.8ms,
2,46283341795,40.692,4,0.0,1.012,laggard_gpu_busy,cat_copy=17.1ms;gemm=16.7ms;elementwise=4.0ms,
2,46693108803,20.714,3,0.0,1.013,laggard_gpu_busy,gemm=7.9ms;cat_copy=7.8ms;moe_permute=3.1ms,
2,46744141295,30.226,3,0.0,1.021,laggard_gpu_busy,gemm=15.9ms;cat_copy=8.9ms;moe_permute=3.5ms,
2,46923925610,29.04,4,0.0,1.035,laggard_gpu_busy,gemm=14.6ms;cat_copy=10.0ms;moe_permute=3.2ms,
2,46976634139,39.621,4,0.0,1.015,laggard_gpu_busy,gemm=16.8ms;cat_copy=15.9ms;elementwise=4.0ms,
2,47166575513,21.296,4,0.0,1.014,laggard_gpu_busy,cat_copy=8.4ms;gemm=8.2ms;moe_permute=2.9ms,
2,47212882677,25.694,4,0.0,1.026,laggard_gpu_busy,gemm=14.4ms;cat_copy=5.6ms;elementwise=3.3ms,
2,47831766099,17.337,6,0.0,1.017,laggard_gpu_busy,gemm=7.0ms;cat_copy=5.6ms;moe_permute=3.1ms,
2,47878067439,21.047,6,0.0,1.037,laggard_gpu_busy,gemm=14.1ms;cat_copy=4.1ms;moe_permute=3.1ms,
2,48056602183,19.821,6,0.0,1.012,laggard_gpu_busy,gemm=8.6ms;cat_copy=5.6ms;moe_permute=3.5ms,
2,48112686092,26.412,6,0.0,1.023,laggard_gpu_busy,gemm=16.9ms;cat_copy=6.8ms;moe_permute=3.4ms,
2,48295643533,7.468,3,0.001,1.042,laggard_gpu_busy,gemm=5.1ms;moe_permute=2.6ms;hybridep_meta=0.0ms,
2,48338796356,8.894,3,0.001,1.034,laggard_gpu_busy,gemm=6.4ms;moe_permute=2.8ms;hybridep_meta=0.0ms,
2,48706050795,8.832,5,0.001,1.035,laggard_gpu_busy,gemm=5.3ms;moe_permute=2.5ms;elementwise=0.9ms,
2,48743392398,10.796,5,0.0,1.059,laggard_gpu_busy,gemm=8.9ms;moe_permute=2.5ms;hybridep_meta=0.0ms,
2,48902530747,17.427,4,0.0,1.017,laggard_gpu_busy,gemm=6.7ms;cat_copy=6.2ms;moe_permute=2.9ms,
2,48947000183,20.567,4,0.0,1.037,laggard_gpu_busy,gemm=13.4ms;cat_copy=3.9ms;moe_permute=3.0ms,
2,49118682577,20.011,6,0.0,1.014,laggard_gpu_busy,cat_copy=7.8ms;gemm=7.5ms;moe_permute=2.9ms,
2,49167065402,23.602,6,0.0,1.032,laggard_gpu_busy,gemm=15.0ms;cat_copy=4.3ms;moe_permute=3.1ms,
2,49551630269,26.45,7,0.0,1.014,laggard_gpu_busy,gemm=11.2ms;cat_copy=9.8ms;moe_permute=3.6ms,
2,49602570320,32.322,7,0.0,1.021,laggard_gpu_busy,gemm=15.9ms;cat_copy=10.0ms;moe_permute=3.6ms,
2,49990251966,12.141,0,0.0,1.025,laggard_gpu_busy,gemm=6.3ms;moe_permute=2.9ms;cat_copy=2.2ms,
2,50033033492,15.52,0,0.0,1.045,laggard_gpu_busy,gemm=12.5ms;moe_permute=2.9ms;cat_copy=0.7ms,
3,23690760885,19.906,0,0.0,1.016,laggard_gpu_busy,gemm=8.3ms;cat_copy=7.4ms;moe_permute=2.7ms,
3,23853011325,17.615,7,0.0,1.017,laggard_gpu_busy,gemm=8.0ms;cat_copy=4.4ms;moe_permute=3.4ms,
3,24015024227,6.748,1,0.001,1.052,laggard_gpu_busy,gemm=4.9ms;moe_permute=2.2ms;hybridep_meta=0.0ms,
3,24091090127,17.688,6,0.0,1.018,laggard_gpu_busy,gemm=7.8ms;cat_copy=4.6ms;moe_permute=3.5ms,
3,24176359553,15.446,4,0.0,1.021,laggard_gpu_busy,gemm=6.6ms;cat_copy=4.1ms;moe_permute=3.1ms,
3,24256885758,9.073,5,0.0,1.034,laggard_gpu_busy,gemm=5.3ms;moe_permute=2.4ms;elementwise=0.9ms,
3,24407658151,7.283,2,0.001,1.041,laggard_gpu_busy,gemm=4.9ms;moe_permute=2.7ms;hybridep_meta=0.0ms,
3,24549423020,35.261,6,0.0,1.034,laggard_gpu_busy,gemm=20.7ms;cat_copy=9.9ms;moe_permute=3.5ms,
3,24648707033,20.943,6,0.0,1.017,laggard_gpu_busy,cat_copy=8.7ms;gemm=7.3ms;moe_permute=3.2ms,
3,24882942464,21.106,2,0.0,1.014,laggard_gpu_busy,cat_copy=8.5ms;gemm=7.6ms;moe_permute=3.2ms,
3,24971334104,17.191,4,0.0,1.017,laggard_gpu_busy,gemm=7.2ms;cat_copy=5.3ms;moe_permute=3.0ms,
3,25055273354,25.221,4,0.0,1.011,laggard_gpu_busy,cat_copy=10.4ms;gemm=8.9ms;moe_permute=3.9ms,
3,25304830053,14.48,0,0.0,1.018,laggard_gpu_busy,gemm=6.3ms;cat_copy=3.8ms;moe_permute=2.8ms,
3,25377888155,34.892,4,0.0,1.032,laggard_gpu_busy,gemm=20.5ms;cat_copy=9.9ms;moe_permute=3.2ms,
3,25475786730,22.79,0,0.0,1.013,laggard_gpu_busy,gemm=9.1ms;cat_copy=8.9ms;moe_permute=3.0ms,
3,25636863040,21.788,6,0.0,1.014,laggard_gpu_busy,cat_copy=8.4ms;gemm=8.2ms;moe_permute=3.2ms,
3,25730453598,10.942,4,0.001,1.029,laggard_gpu_busy,gemm=5.4ms;cat_copy=2.5ms;moe_permute=2.5ms,
3,26023363905,13.378,7,0.0,1.022,laggard_gpu_busy,gemm=6.4ms;cat_copy=3.1ms;moe_permute=2.8ms,
3,26106053860,9.967,6,0.0,1.027,laggard_gpu_busy,gemm=6.1ms;moe_permute=2.8ms;elementwise=1.0ms,
3,26431179570,13.306,2,0.0,1.019,laggard_gpu_busy,gemm=6.9ms;moe_permute=3.0ms;cat_copy=2.5ms,
3,26518333192,8.855,5,0.001,1.03,laggard_gpu_busy,gemm=6.2ms;moe_permute=2.9ms;hybridep_meta=0.0ms,
3,26590639350,18.894,0,0.0,1.027,laggard_gpu_busy,cat_copy=7.4ms;gemm=7.2ms;moe_permute=2.9ms,
3,26670494138,25.835,6,0.0,1.031,laggard_gpu_busy,gemm=12.1ms;cat_copy=9.3ms;moe_permute=3.1ms,
3,26906586141,9.434,6,0.0,1.034,laggard_gpu_busy,gemm=5.5ms;moe_permute=2.6ms;elementwise=0.9ms,
3,26980336155,25.047,5,0.0,1.019,laggard_gpu_busy,cat_copy=10.0ms;gemm=9.9ms;moe_permute=3.2ms,
3,27213330545,15.207,2,0.0,1.019,laggard_gpu_busy,gemm=5.9ms;cat_copy=5.4ms;moe_permute=2.6ms,
3,27294129492,19.931,0,0.0,1.012,laggard_gpu_busy,gemm=7.5ms;cat_copy=7.4ms;moe_permute=3.1ms,
3,27376583947,17.614,5,0.0,1.018,laggard_gpu_busy,cat_copy=7.2ms;gemm=6.2ms;moe_permute=2.8ms,
3,27461333948,13.785,1,0.0,1.022,laggard_gpu_busy,gemm=6.6ms;cat_copy=3.2ms;moe_permute=2.9ms,
3,27606979531,23.266,6,0.0,1.013,laggard_gpu_busy,gemm=9.5ms;cat_copy=8.9ms;moe_permute=3.1ms,
3,27705479898,11.214,7,0.0,1.024,laggard_gpu_busy,gemm=7.4ms;moe_permute=3.3ms;elementwise=0.8ms,
3,27780724542,12.353,0,0.0,1.024,laggard_gpu_busy,gemm=5.7ms;cat_copy=2.8ms;moe_permute=2.5ms,
3,27865326381,11.543,4,0.0,1.025,laggard_gpu_busy,gemm=7.0ms;moe_permute=3.2ms;elementwise=1.1ms,
3,28010452406,17.805,7,0.0,1.018,laggard_gpu_busy,gemm=7.0ms;cat_copy=6.3ms;moe_permute=2.9ms,
3,28099743195,14.393,6,0.0,1.021,laggard_gpu_busy,gemm=7.7ms;moe_permute=3.2ms;cat_copy=2.6ms,
3,28255078298,38.249,1,0.0,1.03,laggard_gpu_busy,gemm=20.7ms;cat_copy=12.1ms;moe_permute=3.8ms,
3,28435401945,6.746,0,0.0,1.031,laggard_gpu_busy,gemm=4.4ms;moe_permute=2.6ms;hybridep_meta=0.0ms,
3,28502809218,27.017,6,0.0,1.039,laggard_gpu_busy,gemm=13.6ms;cat_copy=9.1ms;moe_permute=3.1ms,
3,28589118373,23.125,0,0.0,1.031,laggard_gpu_busy,gemm=11.4ms;cat_copy=7.7ms;moe_permute=2.8ms,
3,28671331161,32.811,4,0.0,1.028,laggard_gpu_busy,gemm=17.4ms;cat_copy=10.6ms;moe_permute=3.3ms,
3,28846537533,8.861,6,0.0,1.032,laggard_gpu_busy,gemm=6.1ms;moe_permute=3.0ms;hybridep_meta=0.0ms,
3,28922020227,11.603,7,0.0,1.022,laggard_gpu_busy,gemm=6.1ms;moe_permute=2.9ms;cat_copy=1.8ms,
3,29223008049,24.788,1,0.0,0.831,laggard_gpu_busy,cat_copy=8.4ms;gemm=7.2ms;moe_permute=3.0ms,
3,29317414021,14.481,2,0.0,1.02,laggard_gpu_busy,gemm=7.2ms;cat_copy=3.4ms;moe_permute=3.0ms,
3,29466303013,22.851,4,0.0,1.034,laggard_gpu_busy,gemm=10.7ms;cat_copy=8.0ms;moe_permute=3.1ms,
3,29630373687,10.179,1,0.0,1.03,laggard_gpu_busy,gemm=6.6ms;moe_permute=2.7ms;elementwise=1.1ms,
3,29783136485,6.935,0,0.0,1.038,laggard_gpu_busy,gemm=4.8ms;moe_permute=2.4ms;hybridep_meta=0.0ms,
3,29855372634,23.82,1,0.0,1.023,laggard_gpu_busy,cat_copy=9.6ms;gemm=9.4ms;moe_permute=3.2ms,
3,30004696127,24.355,6,0.0,1.013,laggard_gpu_busy,gemm=12.6ms;cat_copy=7.5ms;moe_permute=2.8ms,
3,30095772467,10.781,4,0.001,1.032,laggard_gpu_busy,gemm=6.0ms;moe_permute=2.6ms;cat_copy=1.6ms,
3,30171041772,12.902,0,0.0,1.023,laggard_gpu_busy,gemm=6.0ms;cat_copy=3.0ms;moe_permute=2.7ms,
3,30404360561,7.559,6,0.001,1.029,laggard_gpu_busy,gemm=5.0ms;moe_permute=2.8ms;hybridep_meta=0.0ms,
3,30564779577,6.087,0,0.001,1.03,laggard_gpu_busy,gemm=3.6ms;moe_permute=2.7ms;hybridep_meta=0.0ms,
3,30629704696,20.466,5,0.0,1.017,laggard_gpu_busy,gemm=8.9ms;cat_copy=7.4ms;moe_permute=2.7ms,
3,30789376118,12.727,4,0.0,1.02,laggard_gpu_busy,gemm=6.4ms;cat_copy=2.8ms;moe_permute=2.8ms,
3,30873085748,20.152,6,0.0,1.012,laggard_gpu_busy,gemm=8.4ms;cat_copy=5.9ms;moe_permute=3.7ms,
3,31035426802,33.357,1,0.0,1.027,laggard_gpu_busy,gemm=17.6ms;cat_copy=10.8ms;moe_permute=3.4ms,
3,33459399999,204.598,5,0.0,0.127,laggard_gpu_idle(host),gemm=12.3ms;cat_copy=8.9ms;moe_permute=2.8ms,
3,33685888746,44.145,1,0.0,1.011,laggard_gpu_busy,cat_copy=18.7ms;gemm=18.3ms;elementwise=4.2ms,
3,34109094965,60.336,6,0.0,0.336,mixed,gemm=8.4ms;cat_copy=6.1ms;moe_permute=3.4ms,
3,34204517569,27.85,6,0.0,1.02,laggard_gpu_busy,gemm=17.1ms;cat_copy=8.0ms;moe_permute=3.3ms,
3,34391415913,12.157,4,0.0,1.022,laggard_gpu_busy,gemm=6.3ms;moe_permute=2.7ms;cat_copy=2.4ms,
3,34434974652,14.52,4,0.0,1.04,laggard_gpu_busy,gemm=12.3ms;moe_permute=2.8ms;hybridep_meta=0.0ms,
3,34593734221,20.357,5,0.0,1.016,laggard_gpu_busy,gemm=8.8ms;cat_copy=7.4ms;moe_permute=2.7ms,
3,34635827246,24.508,5,0.0,1.025,laggard_gpu_busy,gemm=12.5ms;cat_copy=6.8ms;elementwise=2.9ms,
3,34821342501,6.44,0,0.0,1.028,laggard_gpu_busy,gemm=3.9ms;moe_permute=2.7ms;hybridep_meta=0.0ms,
3,34865408799,7.78,0,0.0,1.036,laggard_gpu_busy,gemm=5.2ms;moe_permute=2.9ms;hybridep_meta=0.0ms,
3,35077057141,5.449,1,0.001,1.063,laggard_gpu_busy,gemm=2.9ms;moe_permute=2.9ms;hybridep_meta=0.0ms,
3,35250503321,7.343,6,0.001,1.027,laggard_gpu_busy,gemm=4.8ms;moe_permute=2.7ms;hybridep_meta=0.0ms,
3,35294782357,8.946,6,0.0,1.043,laggard_gpu_busy,gemm=6.4ms;moe_permute=2.9ms;hybridep_meta=0.0ms,
3,35672575696,12.82,0,0.0,1.023,laggard_gpu_busy,gemm=6.0ms;cat_copy=3.0ms;moe_permute=2.7ms,
3,35713747151,15.661,0,0.0,1.049,laggard_gpu_busy,gemm=12.0ms;moe_permute=2.8ms;cat_copy=1.6ms,
3,35880526820,10.742,4,0.001,1.031,laggard_gpu_busy,gemm=6.0ms;moe_permute=2.8ms;cat_copy=1.3ms,
3,35921278686,13.143,4,0.0,1.045,laggard_gpu_busy,gemm=10.9ms;moe_permute=2.8ms;hybridep_meta=0.0ms,
3,36080269683,24.812,6,0.0,1.011,laggard_gpu_busy,gemm=12.5ms;cat_copy=7.7ms;moe_permute=3.1ms,
3,36122899621,29.589,6,0.0,1.02,laggard_gpu_busy,gemm=12.7ms;cat_copy=11.6ms;moe_permute=3.0ms,
3,36304662612,24.339,1,0.0,1.021,laggard_gpu_busy,cat_copy=9.8ms;gemm=9.5ms;moe_permute=3.4ms,
3,36356562936,33.24,1,0.0,1.02,laggard_gpu_busy,gemm=16.4ms;cat_copy=10.5ms;elementwise=3.8ms,
3,36544198641,7.068,0,0.0,1.04,laggard_gpu_busy,gemm=4.9ms;moe_permute=2.4ms;hybridep_meta=0.0ms,
3,36581671682,8.705,0,0.0,1.038,laggard_gpu_busy,gemm=6.5ms;moe_permute=2.5ms;hybridep_meta=0.0ms,
3,36953376711,10.631,1,0.001,1.032,laggard_gpu_busy,gemm=6.6ms;moe_permute=2.8ms;elementwise=1.1ms,
3,36997744430,12.844,1,0.0,1.044,laggard_gpu_busy,gemm=10.5ms;moe_permute=2.9ms;hybridep_meta=0.0ms,
3,37155936665,22.924,4,0.0,0.955,laggard_gpu_busy,gemm=8.7ms;cat_copy=8.3ms;moe_permute=3.0ms,
3,37200398561,27.426,4,0.0,1.014,laggard_gpu_busy,gemm=13.5ms;cat_copy=8.1ms;elementwise=3.1ms,
3,37587006084,15.314,2,0.0,1.018,laggard_gpu_busy,gemm=7.3ms;cat_copy=3.6ms;moe_permute=3.5ms,
3,37636260078,18.842,2,0.0,1.037,laggard_gpu_busy,gemm=14.5ms;moe_permute=3.4ms;cat_copy=1.6ms,
3,37803020860,25.263,1,0.0,0.825,laggard_gpu_busy,cat_copy=8.5ms;gemm=7.3ms;moe_permute=3.0ms,
3,37849775975,29.412,1,0.0,1.022,laggard_gpu_busy,gemm=14.5ms;cat_copy=9.2ms;elementwise=3.2ms,
3,38042278135,5.162,2,0.001,1.026,laggard_gpu_busy,moe_permute=2.8ms;gemm=2.5ms;hybridep_meta=0.0ms,
3,38086455330,6.362,2,0.001,1.041,laggard_gpu_busy,gemm=3.6ms;moe_permute=3.0ms;hybridep_meta=0.0ms,
3,38459173513,11.517,7,0.0,1.023,laggard_gpu_busy,gemm=6.0ms;moe_permute=2.7ms;cat_copy=2.0ms,
3,38501575485,13.815,7,0.0,1.041,laggard_gpu_busy,gemm=11.4ms;moe_permute=2.9ms;hybridep_meta=0.0ms,
3,38681280557,9.032,6,0.0,1.033,laggard_gpu_busy,gemm=6.4ms;moe_permute=3.0ms;hybridep_meta=0.0ms,
3,38728662944,11.195,6,0.0,1.035,laggard_gpu_busy,gemm=8.4ms;moe_permute=3.2ms;hybridep_meta=0.0ms,
3,38883872285,33.414,4,0.0,1.026,laggard_gpu_busy,gemm=17.4ms;cat_copy=10.7ms;moe_permute=3.7ms,
3,38938997233,45.111,4,0.0,1.013,laggard_gpu_busy,cat_copy=20.2ms;gemm=17.7ms;elementwise=4.2ms,
3,39129272870,23.084,0,0.0,1.031,laggard_gpu_busy,gemm=11.4ms;cat_copy=7.7ms;moe_permute=2.8ms,
3,39172167008,27.482,0,0.0,1.023,laggard_gpu_busy,gemm=13.2ms;cat_copy=9.0ms;elementwise=3.0ms,
3,39345834468,28.338,6,0.0,1.037,laggard_gpu_busy,gemm=13.9ms;cat_copy=9.9ms;moe_permute=3.4ms,
3,39396846693,36.195,6,0.0,1.018,laggard_gpu_busy,gemm=15.7ms;cat_copy=14.2ms;elementwise=3.6ms,
3,39595519523,6.908,0,0.001,1.031,laggard_gpu_busy,gemm=4.5ms;moe_permute=2.6ms;hybridep_meta=0.0ms,
3,39636810537,8.234,0,0.0,1.035,laggard_gpu_busy,gemm=5.8ms;moe_permute=2.7ms;hybridep_meta=0.0ms,
3,39791844027,42.124,1,0.0,1.03,laggard_gpu_busy,gemm=21.8ms;cat_copy=14.3ms;moe_permute=4.4ms,
3,39857068825,55.784,1,0.0,1.011,laggard_gpu_busy,cat_copy=27.2ms;gemm=20.4ms;elementwise=4.9ms,
3,40287444830,13.66,6,0.0,1.023,laggard_gpu_busy,gemm=7.6ms;moe_permute=3.1ms;cat_copy=2.1ms,
3,40338332422,16.524,6,0.0,1.036,laggard_gpu_busy,gemm=13.8ms;moe_permute=3.3ms;hybridep_meta=0.0ms,
3,40512146058,18.241,7,0.0,1.017,laggard_gpu_busy,gemm=7.0ms;cat_copy=6.7ms;moe_permute=2.9ms,
3,40558185684,21.861,7,0.0,1.036,laggard_gpu_busy,gemm=14.0ms;cat_copy=4.0ms;moe_permute=3.2ms,
3,40762871841,11.467,4,0.0,1.023,laggard_gpu_busy,gemm=7.1ms;moe_permute=3.3ms;elementwise=1.1ms,
3,40811054439,14.714,4,0.0,1.044,laggard_gpu_busy,gemm=12.1ms;moe_permute=3.2ms;hybridep_meta=0.0ms,
3,40977516973,12.264,0,0.0,1.026,laggard_gpu_busy,gemm=5.7ms;cat_copy=2.8ms;moe_permute=2.5ms,
3,41016388828,14.741,0,0.0,1.046,laggard_gpu_busy,gemm=11.4ms;moe_permute=2.6ms;cat_copy=1.4ms,
3,41190108287,10.789,7,0.0,1.026,laggard_gpu_busy,gemm=7.3ms;moe_permute=3.1ms;elementwise=0.7ms,
3,41239510996,12.947,7,0.0,1.04,laggard_gpu_busy,gemm=10.3ms;moe_permute=3.1ms;hybridep_meta=0.0ms,
3,41408116502,23.958,6,0.0,1.013,laggard_gpu_busy,gemm=9.8ms;cat_copy=9.0ms;moe_permute=3.3ms,
3,41457188230,27.866,6,0.0,1.027,laggard_gpu_busy,gemm=15.0ms;cat_copy=6.9ms;elementwise=3.4ms,
3,41644293844,13.968,1,0.0,1.022,laggard_gpu_busy,gemm=6.6ms;cat_copy=3.2ms;moe_permute=3.0ms,
3,41688360485,17.106,1,0.0,1.043,laggard_gpu_busy,gemm=13.2ms;moe_permute=2.9ms;cat_copy=1.7ms,
3,41857651363,18.062,5,0.0,1.017,laggard_gpu_busy,cat_copy=7.3ms;gemm=6.3ms;moe_permute=3.0ms,
3,41899775170,21.975,5,0.0,1.021,laggard_gpu_busy,gemm=12.2ms;cat_copy=4.4ms;moe_permute=2.9ms,
3,42081819182,19.835,0,0.0,1.013,laggard_gpu_busy,gemm=7.5ms;cat_copy=7.3ms;moe_permute=3.1ms,
3,42131283756,27.808,0,0.0,1.023,laggard_gpu_busy,gemm=15.1ms;cat_copy=8.1ms;moe_permute=3.3ms,
3,42311021947,14.837,2,0.0,1.018,laggard_gpu_busy,gemm=5.8ms;cat_copy=5.1ms;moe_permute=2.5ms,
3,42350418807,17.558,2,0.0,1.04,laggard_gpu_busy,gemm=11.6ms;cat_copy=3.4ms;moe_permute=2.8ms,
3,42571352761,5.778,1,0.001,1.076,laggard_gpu_busy,gemm=3.5ms;moe_permute=2.7ms;hybridep_meta=0.0ms,
3,42727756410,25.508,5,0.0,1.02,laggard_gpu_busy,cat_copy=10.2ms;gemm=10.1ms;moe_permute=3.3ms,
3,42781551600,33.698,5,0.0,1.017,laggard_gpu_busy,gemm=16.8ms;cat_copy=10.2ms;elementwise=3.9ms,
3,42967614832,8.943,6,0.0,1.035,laggard_gpu_busy,gemm=5.4ms;moe_permute=2.5ms;elementwise=0.9ms,
3,43006351204,10.53,6,0.0,1.033,laggard_gpu_busy,gemm=8.2ms;moe_permute=2.7ms;hybridep_meta=0.0ms,
3,43373291265,25.643,6,0.0,1.035,laggard_gpu_busy,gemm=12.3ms;cat_copy=9.1ms;moe_permute=3.0ms,
3,43423038531,33.674,6,0.0,1.019,laggard_gpu_busy,gemm=15.5ms;cat_copy=12.0ms;elementwise=3.5ms,
3,43613767167,18.907,0,0.0,1.03,laggard_gpu_busy,cat_copy=7.4ms;gemm=7.3ms;moe_permute=3.0ms,
3,43656962092,22.178,0,0.0,1.027,laggard_gpu_busy,gemm=12.6ms;cat_copy=4.3ms;moe_permute=3.0ms,
3,43837436516,9.017,5,0.0,1.031,laggard_gpu_busy,gemm=6.4ms;moe_permute=2.9ms;hybridep_meta=0.0ms,
3,43886288897,10.054,5,0.001,1.042,laggard_gpu_busy,gemm=7.4ms;moe_permute=3.1ms;hybridep_meta=0.0ms,
3,44059731094,13.199,2,0.0,1.021,laggard_gpu_busy,gemm=6.9ms;moe_permute=2.9ms;cat_copy=2.6ms,
3,44105551884,15.905,2,0.0,1.046,laggard_gpu_busy,gemm=13.7ms;moe_permute=2.9ms;hybridep_meta=0.0ms,
3,44734891032,10.348,6,0.0,1.025,laggard_gpu_busy,gemm=6.1ms;moe_permute=2.8ms;elementwise=1.0ms,
3,44778639667,12.276,6,0.0,1.037,laggard_gpu_busy,gemm=9.6ms;moe_permute=3.1ms;hybridep_meta=0.0ms,
3,44952926003,13.038,7,0.0,1.023,laggard_gpu_busy,gemm=6.4ms;cat_copy=3.0ms;moe_permute=2.9ms,
3,44996566412,15.202,7,0.0,1.046,laggard_gpu_busy,gemm=12.7ms;moe_permute=2.9ms;cat_copy=0.3ms,
3,45564205652,11.017,4,0.0,1.025,laggard_gpu_busy,gemm=5.4ms;cat_copy=2.6ms;moe_permute=2.4ms,
3,45601629948,13.146,4,0.0,1.059,laggard_gpu_busy,gemm=10.9ms;moe_permute=2.6ms;cat_copy=0.5ms,
3,45774644492,22.024,6,0.0,1.014,laggard_gpu_busy,cat_copy=8.6ms;gemm=8.3ms;moe_permute=3.2ms,
3,45827079095,29.733,6,0.0,1.026,laggard_gpu_busy,gemm=16.6ms;cat_copy=8.5ms;moe_permute=3.3ms,
3,46007053538,23.12,0,0.0,0.937,laggard_gpu_busy,cat_copy=8.9ms;gemm=7.5ms;moe_permute=3.1ms,
3,46056052261,27.287,0,0.0,1.024,laggard_gpu_busy,gemm=14.9ms;cat_copy=6.4ms;elementwise=3.5ms,
3,46224114375,35.633,4,0.0,1.031,laggard_gpu_busy,gemm=20.6ms;cat_copy=9.9ms;moe_permute=3.8ms,
3,46276468120,47.564,4,0.0,1.018,laggard_gpu_busy,cat_copy=20.9ms;gemm=20.1ms;elementwise=4.0ms,
3,46477365226,14.727,0,0.0,1.017,laggard_gpu_busy,gemm=6.3ms;cat_copy=4.1ms;moe_permute=2.8ms,
3,46521392973,17.086,0,0.0,1.04,laggard_gpu_busy,gemm=12.6ms;moe_permute=3.0ms;cat_copy=2.2ms,
3,46930028331,22.938,4,0.0,1.012,laggard_gpu_busy,cat_copy=9.3ms;gemm=8.4ms;moe_permute=3.2ms,
3,46983652109,32.603,4,0.0,1.019,laggard_gpu_busy,gemm=16.8ms;cat_copy=9.3ms;elementwise=3.6ms,
3,47170810026,17.062,4,0.0,1.016,laggard_gpu_busy,gemm=7.2ms;cat_copy=5.2ms;moe_permute=2.9ms,
3,47217958678,20.618,4,0.0,1.033,laggard_gpu_busy,gemm=14.4ms;cat_copy=3.8ms;moe_permute=3.1ms,
3,47396764774,21.245,2,0.0,1.014,laggard_gpu_busy,cat_copy=8.5ms;gemm=7.6ms;moe_permute=3.2ms,
3,47445894540,25.727,2,0.0,1.029,laggard_gpu_busy,gemm=15.3ms;cat_copy=4.5ms;elementwise=3.4ms,
3,47829046907,20.058,6,0.0,1.015,laggard_gpu_busy,cat_copy=8.2ms;gemm=7.1ms;moe_permute=3.1ms,
3,47874955479,24.159,6,0.0,1.032,laggard_gpu_busy,gemm=14.1ms;cat_copy=4.6ms;elementwise=3.1ms,
3,48039958865,36.464,6,0.0,1.017,laggard_gpu_busy,gemm=20.2ms;cat_copy=10.9ms;moe_permute=3.5ms,
3,48093298383,45.8,6,0.0,1.023,laggard_gpu_busy,gemm=20.1ms;cat_copy=19.4ms;elementwise=3.9ms,
3,48506806396,7.307,2,0.001,1.043,laggard_gpu_busy,gemm=5.0ms;moe_permute=2.6ms;hybridep_meta=0.0ms,
3,48548300739,8.812,2,0.001,1.008,laggard_gpu_busy,gemm=6.1ms;moe_permute=2.8ms;hybridep_meta=0.0ms,
3,48705748942,9.135,5,0.001,1.033,laggard_gpu_busy,gemm=5.3ms;moe_permute=2.5ms;elementwise=0.9ms,
3,48742867386,11.321,5,0.0,1.058,laggard_gpu_busy,gemm=9.5ms;moe_permute=2.5ms;hybridep_meta=0.0ms,
3,48904397371,15.561,4,0.0,1.019,laggard_gpu_busy,gemm=6.7ms;cat_copy=4.4ms;moe_permute=2.9ms,
3,48949059372,18.509,4,0.0,1.041,laggard_gpu_busy,gemm=13.4ms;moe_permute=3.0ms;cat_copy=2.9ms,
3,49122997649,15.697,6,0.0,1.019,laggard_gpu_busy,gemm=7.5ms;cat_copy=3.8ms;moe_permute=2.9ms,
3,49172029148,18.638,6,0.0,1.041,laggard_gpu_busy,gemm=15.0ms;moe_permute=3.1ms;cat_copy=1.3ms,
3,49357738429,6.385,1,0.001,1.058,laggard_gpu_busy,gemm=4.6ms;moe_permute=2.2ms;hybridep_meta=0.0ms,
3,49392931697,8.366,1,0.001,1.053,laggard_gpu_busy,gemm=6.4ms;moe_permute=2.4ms;hybridep_meta=0.0ms,
3,49559170800,18.908,7,0.0,1.015,laggard_gpu_busy,gemm=8.1ms;cat_copy=5.3ms;moe_permute=3.6ms,
3,49611478726,23.413,7,0.0,1.03,laggard_gpu_busy,gemm=15.9ms;cat_copy=4.6ms;moe_permute=3.6ms,
3,49982096894,20.296,0,0.0,1.015,laggard_gpu_busy,gemm=8.6ms;cat_copy=7.4ms;moe_permute=2.9ms,
3,50023752423,24.802,0,0.0,1.027,laggard_gpu_busy,gemm=12.5ms;cat_copy=7.0ms;elementwise=3.0ms,
4,23696362027,14.305,0,0.0,1.021,laggard_gpu_busy,gemm=6.3ms;cat_copy=3.8ms;moe_permute=2.7ms,
4,23775769629,6.158,3,0.001,1.046,laggard_gpu_busy,gemm=4.3ms;moe_permute=2.2ms;hybridep_meta=0.0ms,
4,23846152720,24.476,7,0.0,1.016,laggard_gpu_busy,gemm=10.4ms;cat_copy=8.9ms;moe_permute=3.4ms,
4,24013316177,8.458,1,0.001,1.034,laggard_gpu_busy,gemm=5.0ms;moe_permute=2.2ms;elementwise=0.9ms,
4,24084655691,24.123,6,0.0,1.022,laggard_gpu_busy,cat_copy=9.6ms;gemm=9.4ms;moe_permute=3.5ms,
4,24259362337,6.597,5,0.001,1.05,laggard_gpu_busy,gemm=4.6ms;moe_permute=2.4ms;hybridep_meta=0.0ms,
4,24397054705,17.888,2,0.0,1.018,laggard_gpu_busy,gemm=7.1ms;cat_copy=6.8ms;moe_permute=2.7ms,
4,24487743636,6.275,3,0.001,1.029,laggard_gpu_busy,gemm=3.8ms;moe_permute=2.7ms;hybridep_meta=0.0ms,
4,24551107093,33.579,6,0.0,1.036,laggard_gpu_busy,gemm=19.0ms;cat_copy=9.9ms;moe_permute=3.5ms,
4,24656280095,13.371,6,0.0,1.021,laggard_gpu_busy,gemm=7.0ms;moe_permute=3.2ms;cat_copy=2.3ms,
4,24810701413,7.938,3,0.001,1.046,laggard_gpu_busy,gemm=5.8ms;moe_permute=2.5ms;hybridep_meta=0.0ms,
4,24888301419,15.747,2,0.0,1.02,laggard_gpu_busy,gemm=7.6ms;cat_copy=3.8ms;moe_permute=3.2ms,
4,25228411169,11.097,3,0.0,1.027,laggard_gpu_busy,gemm=7.9ms;moe_permute=3.3ms;elementwise=0.2ms,
4,25301751540,17.559,0,0.0,1.014,laggard_gpu_busy,cat_copy=6.9ms;gemm=6.3ms;moe_permute=2.8ms,
4,25478480211,20.097,0,0.0,1.015,laggard_gpu_busy,cat_copy=7.8ms;gemm=7.5ms;moe_permute=3.0ms,
4,25634546813,24.105,6,0.0,0.97,laggard_gpu_busy,cat_copy=9.7ms;gemm=8.2ms;moe_permute=3.2ms,
4,25804328522,9.697,1,0.001,1.034,laggard_gpu_busy,gemm=5.3ms;moe_permute=2.3ms;cat_copy=1.6ms,
4,25873210173,16.815,5,0.0,1.018,laggard_gpu_busy,cat_copy=6.6ms;gemm=6.3ms;moe_permute=2.5ms,
4,26017128558,19.614,7,0.0,1.032,laggard_gpu_busy,gemm=8.3ms;cat_copy=7.3ms;moe_permute=2.8ms,
4,26106134963,9.887,6,0.0,1.027,laggard_gpu_busy,gemm=6.1ms;moe_permute=2.8ms;elementwise=1.0ms,
4,26181971224,24.408,3,0.0,1.031,laggard_gpu_busy,gemm=12.1ms;cat_copy=8.0ms;moe_permute=3.1ms,
4,26266543676,28.136,3,0.0,1.009,laggard_gpu_busy,gemm=13.7ms;cat_copy=9.3ms;moe_permute=3.2ms,
4,26424090513,20.396,2,0.0,1.014,laggard_gpu_busy,cat_copy=8.0ms;gemm=7.7ms;moe_permute=3.0ms,
4,26507210314,19.978,5,0.0,1.013,laggard_gpu_busy,cat_copy=8.2ms;gemm=7.2ms;moe_permute=2.9ms,
4,26593980286,15.553,0,0.0,1.017,laggard_gpu_busy,gemm=6.3ms;cat_copy=4.7ms;moe_permute=2.9ms,
4,26676465428,19.864,6,0.0,1.014,laggard_gpu_busy,gemm=7.9ms;cat_copy=7.0ms;moe_permute=3.1ms,
4,26829345670,11.005,5,0.0,1.029,laggard_gpu_busy,gemm=5.4ms;cat_copy=2.6ms;moe_permute=2.4ms,
4,26973868637,31.514,5,0.0,1.021,laggard_gpu_busy,gemm=16.6ms;cat_copy=10.0ms;moe_permute=3.2ms,
4,27065044177,17.58,1,0.0,1.04,laggard_gpu_busy,gemm=7.4ms;cat_copy=6.7ms;moe_permute=2.5ms,
4,27298359182,15.702,0,0.0,1.016,laggard_gpu_busy,gemm=7.5ms;cat_copy=3.8ms;moe_permute=3.1ms,
4,27387996010,6.203,5,0.001,1.037,laggard_gpu_busy,gemm=3.7ms;moe_permute=2.8ms;hybridep_meta=0.0ms,
4,27466805718,8.313,1,0.001,1.032,laggard_gpu_busy,gemm=5.6ms;moe_permute=2.9ms;hybridep_meta=0.0ms,
4,27607312558,22.934,6,0.0,1.013,laggard_gpu_busy,gemm=9.1ms;cat_copy=8.9ms;moe_permute=3.1ms,
4,27699235644,17.459,7,0.0,1.015,laggard_gpu_busy,gemm=7.4ms;cat_copy=5.0ms;moe_permute=3.3ms,
4,28013466724,14.792,7,0.0,1.023,laggard_gpu_busy,gemm=7.0ms;cat_copy=3.3ms;moe_permute=2.9ms,
4,28090715109,23.422,6,0.0,1.025,laggard_gpu_busy,gemm=9.5ms;cat_copy=9.2ms;moe_permute=3.2ms,
4,28172497159,21.617,1,0.0,1.037,laggard_gpu_busy,gemm=10.3ms;cat_copy=7.4ms;moe_permute=2.9ms,
4,28253765797,39.562,1,0.0,1.029,laggard_gpu_busy,gemm=22.0ms;cat_copy=12.1ms;moe_permute=3.8ms,
4,28433716451,8.431,0,0.0,1.036,laggard_gpu_busy,gemm=5.9ms;moe_permute=2.6ms;elementwise=0.3ms,
4,28522795868,7.031,6,0.001,1.048,laggard_gpu_busy,gemm=4.2ms;moe_permute=3.1ms;hybridep_meta=0.0ms,
4,28602762640,9.481,0,0.0,1.029,laggard_gpu_busy,gemm=6.6ms;moe_permute=2.8ms;elementwise=0.4ms,
4,28837392487,18.007,6,0.0,1.016,laggard_gpu_busy,gemm=6.9ms;cat_copy=6.6ms;moe_permute=3.0ms,
4,28926281822,7.341,7,0.001,1.025,laggard_gpu_busy,gemm=4.6ms;moe_permute=2.9ms;hybridep_meta=0.0ms,
4,29000581448,13.124,3,0.0,1.024,laggard_gpu_busy,gemm=6.3ms;cat_copy=3.2ms;moe_permute=2.9ms,
4,29079506101,13.332,2,0.0,1.022,laggard_gpu_busy,gemm=6.1ms;cat_copy=3.0ms;moe_permute=2.9ms,
4,29226262779,21.533,1,0.0,0.956,laggard_gpu_busy,cat_copy=8.4ms;gemm=7.2ms;moe_permute=3.0ms,
4,29316131726,15.763,2,0.0,1.018,laggard_gpu_busy,gemm=7.2ms;cat_copy=3.8ms;moe_permute=3.0ms,
4,29393076424,9.87,7,0.0,1.03,laggard_gpu_busy,gemm=5.0ms;cat_copy=2.2ms;moe_permute=2.2ms,
4,29621697507,18.856,1,0.0,1.017,laggard_gpu_busy,cat_copy=7.5ms;gemm=7.1ms;moe_permute=2.7ms,
4,29703166816,11.854,1,0.0,1.022,laggard_gpu_busy,gemm=5.4ms;cat_copy=2.7ms;moe_permute=2.4ms,
4,29780564157,9.507,0,0.0,1.028,laggard_gpu_busy,gemm=5.3ms;moe_permute=2.4ms;cat_copy=1.1ms,
4,29850900163,28.293,1,0.0,1.035,laggard_gpu_busy,gemm=14.3ms;cat_copy=9.6ms;moe_permute=3.2ms,
4,30006338722,22.711,6,0.0,1.014,laggard_gpu_busy,gemm=10.9ms;cat_copy=7.5ms;moe_permute=2.8ms,
4,30167624078,16.321,0,0.0,1.018,laggard_gpu_busy,cat_copy=6.2ms;gemm=6.0ms;moe_permute=2.7ms,
4,30254489686,9.474,3,0.0,1.033,laggard_gpu_busy,gemm=6.5ms;moe_permute=2.7ms;elementwise=0.6ms,
4,30393731926,18.187,6,0.0,1.021,laggard_gpu_busy,cat_copy=7.3ms;gemm=6.7ms;moe_permute=2.8ms,
4,30469131683,22.685,1,0.0,1.051,laggard_gpu_busy,gemm=12.0ms;cat_copy=7.4ms;moe_permute=2.7ms,
4,30558674335,12.191,0,0.0,1.02,laggard_gpu_busy,gemm=6.2ms;moe_permute=2.7ms;cat_copy=2.5ms,
4,30643285077,6.886,5,0.001,1.029,laggard_gpu_busy,gemm=4.3ms;moe_permute=2.7ms;hybridep_meta=0.0ms,
4,30865403645,27.835,6,0.0,1.015,laggard_gpu_busy,gemm=12.1ms;cat_copy=10.1ms;moe_permute=3.7ms,
4,30947951682,28.131,6,0.0,0.995,laggard_gpu_busy,gemm=15.3ms;cat_copy=8.0ms;moe_permute=2.8ms,
4,31040107603,28.677,1,0.0,1.024,laggard_gpu_busy,gemm=12.7ms;cat_copy=10.8ms;moe_permute=3.4ms,
4,33464239001,199.76,5,0.0,0.104,laggard_gpu_idle(host),cat_copy=8.7ms;gemm=7.2ms;moe_permute=2.8ms,
4,33691665827,38.368,1,0.0,1.014,laggard_gpu_busy,gemm=18.3ms;cat_copy=12.9ms;elementwise=4.2ms,
4,33870945443,27.927,6,0.0,1.039,laggard_gpu_busy,gemm=16.4ms;cat_copy=7.9ms;moe_permute=2.8ms,
4,33913896131,33.259,6,0.0,1.03,laggard_gpu_busy,gemm=16.2ms;cat_copy=12.1ms;elementwise=3.1ms,
4,34101279749,68.151,6,0.0,0.414,mixed,gemm=12.1ms;cat_copy=10.4ms;moe_permute=3.4ms,
4,34195358441,37.01,6,0.0,1.014,laggard_gpu_busy,gemm=17.1ms;cat_copy=13.2ms;elementwise=3.9ms,
4,34607435870,6.657,5,0.001,1.016,laggard_gpu_busy,gemm=4.0ms;moe_permute=2.7ms;hybridep_meta=0.0ms,
4,34651950219,8.386,5,0.0,1.019,laggard_gpu_busy,gemm=5.7ms;moe_permute=2.9ms;hybridep_meta=0.0ms,
4,34815640298,12.143,0,0.0,1.021,laggard_gpu_busy,gemm=6.2ms;moe_permute=2.7ms;cat_copy=2.5ms,
4,34858555178,14.634,0,0.0,1.044,laggard_gpu_busy,gemm=12.4ms;moe_permute=2.9ms;hybridep_meta=0.0ms,
4,35013614883,22.674,1,0.0,1.045,laggard_gpu_busy,gemm=11.9ms;cat_copy=7.3ms;moe_permute=2.7ms,
4,35055529307,26.978,1,0.0,1.024,laggard_gpu_busy,gemm=12.8ms;cat_copy=9.1ms;moe_permute=2.9ms,
4,35239890052,17.957,6,0.0,1.02,laggard_gpu_busy,cat_copy=7.3ms;gemm=6.5ms;moe_permute=2.7ms,
4,35283161255,20.568,6,0.0,1.039,laggard_gpu_busy,gemm=12.9ms;cat_copy=3.6ms;moe_permute=2.9ms,
4,35463831185,9.586,3,0.001,1.03,laggard_gpu_busy,gemm=6.5ms;moe_permute=2.8ms;elementwise=0.6ms,
4,35507897627,12.03,3,0.0,1.041,laggard_gpu_busy,gemm=9.6ms;moe_permute=2.9ms;hybridep_meta=0.0ms,
4,35668962576,16.433,0,0.0,1.017,laggard_gpu_busy,cat_copy=6.3ms;gemm=6.0ms;moe_permute=2.7ms,
4,35709572007,19.836,0,0.0,1.038,laggard_gpu_busy,gemm=12.0ms;cat_copy=3.5ms;moe_permute=2.8ms,
4,36081857487,23.224,6,0.0,1.012,laggard_gpu_busy,gemm=10.9ms;cat_copy=7.7ms;moe_permute=3.1ms,
4,36124806170,27.682,6,0.0,1.021,laggard_gpu_busy,gemm=12.7ms;cat_copy=9.7ms;moe_permute=3.0ms,
4,36300157731,28.845,1,0.0,1.035,laggard_gpu_busy,gemm=14.4ms;cat_copy=9.8ms;moe_permute=3.4ms,
4,36351503252,38.299,1,0.0,1.017,laggard_gpu_busy,gemm=16.4ms;cat_copy=15.5ms;elementwise=3.8ms,
4,36541719355,9.547,0,0.0,1.03,laggard_gpu_busy,gemm=5.3ms;moe_permute=2.4ms;cat_copy=1.2ms,
4,36578673715,11.704,0,0.0,1.049,laggard_gpu_busy,gemm=9.8ms;moe_permute=2.5ms;hybridep_meta=0.0ms,
4,36743874726,11.418,1,0.0,1.025,laggard_gpu_busy,gemm=5.4ms;cat_copy=2.6ms;moe_permute=2.4ms,
4,36780696317,13.576,1,0.0,1.05,laggard_gpu_busy,gemm=10.7ms;moe_permute=2.5ms;cat_copy=1.1ms,
4,36944919335,19.089,1,0.0,1.019,laggard_gpu_busy,cat_copy=7.6ms;gemm=7.3ms;moe_permute=2.8ms,
4,36987733457,22.857,1,0.0,1.03,laggard_gpu_busy,gemm=13.0ms;cat_copy=4.7ms;moe_permute=2.9ms,
4,37375480475,9.773,7,0.0,1.026,laggard_gpu_busy,gemm=4.9ms;moe_permute=2.2ms;cat_copy=2.0ms,
4,37409430170,11.655,7,0.0,1.06,laggard_gpu_busy,gemm=9.8ms;moe_permute=2.3ms;cat_copy=0.3ms,
4,37585687693,16.635,2,0.0,1.016,laggard_gpu_busy,gemm=7.3ms;cat_copy=4.0ms;moe_permute=3.5ms,
4,37634741011,20.36,2,0.0,1.034,laggard_gpu_busy,gemm=14.5ms;moe_permute=3.4ms;cat_copy=3.1ms,
4,37806212344,22.073,1,0.0,0.944,laggard_gpu_busy,cat_copy=8.5ms;gemm=7.3ms;moe_permute=3.0ms,
4,37853487727,25.701,1,0.0,1.025,laggard_gpu_busy,gemm=14.5ms;cat_copy=5.5ms;elementwise=3.2ms,
4,38034020193,13.42,2,0.0,1.023,laggard_gpu_busy,gemm=6.2ms;cat_copy=3.0ms;moe_permute=2.8ms,
4,38077004308,15.812,2,0.0,1.048,laggard_gpu_busy,gemm=12.3ms;moe_permute=3.0ms;cat_copy=1.3ms,
4,38244059794,12.989,3,0.0,1.022,laggard_gpu_busy,gemm=6.4ms;cat_copy=3.0ms;moe_permute=2.8ms,
4,38287474984,16.19,3,0.0,1.044,laggard_gpu_busy,gemm=12.7ms;moe_permute=3.0ms;cat_copy=1.2ms,
4,38463331090,7.36,7,0.001,1.026,laggard_gpu_busy,gemm=4.8ms;moe_permute=2.7ms;hybridep_meta=0.0ms,
4,38506426213,8.964,7,0.001,1.044,laggard_gpu_busy,gemm=6.4ms;moe_permute=2.9ms;hybridep_meta=0.0ms,
4,38672213497,18.099,6,0.0,1.016,laggard_gpu_busy,gemm=6.9ms;cat_copy=6.6ms;moe_permute=3.0ms,
4,38718047843,21.812,6,0.0,1.03,laggard_gpu_busy,gemm=13.7ms;cat_copy=3.9ms;moe_permute=3.2ms,
4,39142905038,9.452,0,0.0,1.028,laggard_gpu_busy,gemm=6.5ms;moe_permute=2.8ms;elementwise=0.4ms,
4,39188225908,11.423,0,0.0,1.048,laggard_gpu_busy,gemm=9.1ms;moe_permute=2.9ms;hybridep_meta=0.0ms,
4,39365909614,8.263,6,0.001,1.042,laggard_gpu_busy,gemm=5.2ms;moe_permute=3.4ms;hybridep_meta=0.0ms,
4,39420461892,12.58,6,0.0,1.052,laggard_gpu_busy,gemm=9.9ms;moe_permute=3.3ms;hybridep_meta=0.0ms,
4,39593445653,8.983,0,0.0,1.03,laggard_gpu_busy,gemm=5.9ms;moe_permute=2.6ms;elementwise=0.7ms,
4,39634171220,10.874,0,0.0,1.046,laggard_gpu_busy,gemm=8.7ms;moe_permute=2.7ms;hybridep_meta=0.0ms,
4,39790590605,43.377,1,0.0,1.029,laggard_gpu_busy,gemm=23.0ms;cat_copy=14.3ms;moe_permute=4.4ms,
4,39855628808,57.224,1,0.0,1.015,laggard_gpu_busy,cat_copy=27.4ms;gemm=21.9ms;elementwise=4.9ms,
4,40061465561,21.621,1,0.0,1.033,laggard_gpu_busy,gemm=10.3ms;cat_copy=7.5ms;moe_permute=2.8ms,
4,40104297105,25.885,1,0.0,1.025,laggard_gpu_busy,gemm=13.0ms;cat_copy=7.7ms;moe_permute=3.0ms,
4,40278331594,22.775,6,0.0,1.027,laggard_gpu_busy,gemm=9.3ms;cat_copy=8.9ms;moe_permute=3.1ms,
4,40327343385,27.513,6,0.0,1.024,laggard_gpu_busy,gemm=15.3ms;cat_copy=6.1ms;elementwise=3.4ms,
4,40515310444,15.076,7,0.0,1.021,laggard_gpu_busy,gemm=7.0ms;cat_copy=3.6ms;moe_permute=2.9ms,
4,40562117191,17.929,7,0.0,1.044,laggard_gpu_busy,gemm=14.0ms;moe_permute=3.2ms;cat_copy=1.5ms,
4,41024957033,6.174,0,0.001,1.008,laggard_gpu_busy,gemm=3.6ms;moe_permute=2.6ms;hybridep_meta=0.0ms,
4,41184119744,16.778,7,0.0,1.016,laggard_gpu_busy,gemm=7.3ms;cat_copy=4.7ms;moe_permute=3.1ms,
4,41232293927,20.165,7,0.0,1.036,laggard_gpu_busy,gemm=14.7ms;moe_permute=3.1ms;cat_copy=3.1ms,
4,41408805397,23.27,6,0.0,1.013,laggard_gpu_busy,gemm=9.1ms;cat_copy=9.0ms;moe_permute=3.3ms,
4,41457984774,27.07,6,0.0,1.028,laggard_gpu_busy,gemm=15.0ms;cat_copy=6.1ms;elementwise=3.4ms,
4,41649759866,8.503,1,0.001,1.033,laggard_gpu_busy,gemm=5.8ms;moe_permute=3.0ms;hybridep_meta=0.0ms,
4,41694543140,10.924,1,0.0,1.041,laggard_gpu_busy,gemm=8.4ms;moe_permute=2.9ms;hybridep_meta=0.0ms,
4,41868923381,6.79,5,0.001,1.036,laggard_gpu_busy,gemm=4.0ms;moe_permute=3.0ms;hybridep_meta=0.0ms,
4,41913307362,8.442,5,0.001,1.023,laggard_gpu_busy,gemm=5.7ms;moe_permute=2.9ms;hybridep_meta=0.0ms,
4,42086238638,15.416,0,0.0,1.018,laggard_gpu_busy,gemm=7.5ms;cat_copy=3.8ms;moe_permute=3.1ms,
4,42136462480,22.63,0,0.0,1.029,laggard_gpu_busy,gemm=15.1ms;cat_copy=4.8ms;moe_permute=3.3ms,
4,42516333752,17.69,1,0.0,1.03,laggard_gpu_busy,gemm=7.1ms;cat_copy=6.7ms;moe_permute=2.8ms,
4,42555794233,21.337,1,0.0,1.037,laggard_gpu_busy,gemm=11.9ms;cat_copy=4.9ms;moe_permute=2.7ms,
4,42721217473,32.048,5,0.0,1.02,laggard_gpu_busy,gemm=16.8ms;cat_copy=10.2ms;moe_permute=3.3ms,
4,42773881561,41.369,5,0.0,1.014,laggard_gpu_busy,cat_copy=17.8ms;gemm=16.8ms;elementwise=3.9ms,
4,43169948529,11.129,5,0.001,1.027,laggard_gpu_busy,gemm=5.4ms;cat_copy=2.6ms;moe_permute=2.4ms,
4,43206927836,13.821,5,0.0,1.052,laggard_gpu_busy,gemm=10.8ms;moe_permute=2.6ms;cat_copy=1.1ms,
4,43379444420,19.491,6,0.0,1.016,laggard_gpu_busy,gemm=7.8ms;cat_copy=6.8ms;moe_permute=3.0ms,
4,43430066634,26.647,6,0.0,1.025,laggard_gpu_busy,gemm=15.5ms;cat_copy=8.0ms;moe_permute=3.2ms,
4,43617257525,15.418,0,0.0,1.019,laggard_gpu_busy,gemm=6.3ms;cat_copy=4.6ms;moe_permute=3.0ms,
4,43660942524,18.199,0,0.0,1.034,laggard_gpu_busy,gemm=12.6ms;cat_copy=3.2ms;moe_permute=3.0ms,
4,43826300804,20.153,5,0.0,1.015,laggard_gpu_busy,cat_copy=8.2ms;gemm=7.3ms;moe_permute=2.9ms,
4,43872604168,23.739,5,0.0,1.026,laggard_gpu_busy,gemm=13.8ms;cat_copy=4.3ms;elementwise=3.2ms,
4,44052430736,20.499,2,0.0,1.018,laggard_gpu_busy,cat_copy=8.0ms;gemm=8.0ms;moe_permute=2.9ms,
4,44097188872,24.268,2,0.0,1.029,laggard_gpu_busy,gemm=13.9ms;cat_copy=5.0ms;elementwise=3.1ms,
4,44266833716,28.111,3,0.0,1.009,laggard_gpu_busy,gemm=13.8ms;cat_copy=9.2ms;moe_permute=3.2ms,
4,44316875740,37.793,3,0.0,1.017,laggard_gpu_busy,gemm=15.9ms;cat_copy=15.4ms;elementwise=3.7ms,
4,44502625915,24.309,3,0.0,1.031,laggard_gpu_busy,gemm=12.0ms;cat_copy=8.0ms;moe_permute=3.1ms,
4,44547770711,28.951,3,0.0,1.025,laggard_gpu_busy,gemm=13.9ms;cat_copy=9.5ms;elementwise=3.2ms,
4,44734860257,10.381,6,0.0,1.024,laggard_gpu_busy,gemm=6.1ms;moe_permute=2.8ms;elementwise=1.0ms,
4,44779012532,11.905,6,0.0,1.038,laggard_gpu_busy,gemm=9.3ms;moe_permute=3.1ms;hybridep_meta=0.0ms,
4,44946875247,19.087,7,0.0,1.029,laggard_gpu_busy,gemm=7.9ms;cat_copy=7.1ms;moe_permute=2.9ms,
4,44989092816,22.676,7,0.0,1.03,laggard_gpu_busy,gemm=12.7ms;cat_copy=4.9ms;moe_permute=2.9ms,
4,45157178829,17.186,5,0.0,1.022,laggard_gpu_busy,cat_copy=6.8ms;gemm=6.5ms;moe_permute=2.6ms,
4,45195841646,20.855,5,0.0,1.032,laggard_gpu_busy,gemm=11.5ms;cat_copy=4.6ms;moe_permute=2.8ms,
4,45367639373,9.623,1,0.001,1.033,laggard_gpu_busy,gemm=5.2ms;moe_permute=2.3ms;cat_copy=1.5ms,
4,45403313107,11.216,1,0.0,1.066,laggard_gpu_busy,gemm=9.6ms;moe_permute=2.4ms;hybridep_meta=0.0ms,
4,45772368825,24.3,6,0.0,1.013,laggard_gpu_busy,cat_copy=9.7ms;gemm=9.4ms;moe_permute=3.2ms,
4,45824352979,32.46,6,0.0,1.024,laggard_gpu_busy,gemm=16.6ms;cat_copy=9.7ms;elementwise=3.7ms,
4,46009534508,20.641,0,0.0,1.014,laggard_gpu_busy,cat_copy=8.2ms;gemm=7.5ms;moe_permute=3.1ms,
4,46058867505,24.473,0,0.0,1.027,laggard_gpu_busy,gemm=14.9ms;cat_copy=4.4ms;moe_permute=3.2ms,
4,46474313219,17.78,0,0.0,1.014,laggard_gpu_busy,cat_copy=7.1ms;gemm=6.3ms;moe_permute=2.8ms,
4,46517574289,20.905,0,0.0,1.032,laggard_gpu_busy,gemm=12.6ms;cat_copy=3.7ms;moe_permute=3.0ms,
4,46703341855,10.481,3,0.0,1.034,laggard_gpu_busy,gemm=7.7ms;moe_permute=3.1ms;hybridep_meta=0.0ms,
4,46755858499,18.51,3,0.0,1.037,laggard_gpu_busy,gemm=15.7ms;moe_permute=3.5ms;hybridep_meta=0.0ms,
4,47401868863,16.141,2,0.0,1.019,laggard_gpu_busy,gemm=7.6ms;cat_copy=3.8ms;moe_permute=3.2ms,
4,47452175406,19.445,2,0.0,1.039,laggard_gpu_busy,gemm=15.3ms;moe_permute=3.2ms;cat_copy=1.7ms,
4,47631643555,7.911,3,0.001,1.043,laggard_gpu_busy,gemm=5.7ms;moe_permute=2.5ms;hybridep_meta=0.0ms,
4,47672624444,9.682,3,0.0,1.052,laggard_gpu_busy,gemm=7.5ms;moe_permute=2.7ms;hybridep_meta=0.0ms,
4,47836674819,12.43,6,0.0,1.024,laggard_gpu_busy,gemm=7.0ms;moe_permute=3.1ms;cat_copy=1.6ms,
4,47884163352,14.952,6,0.0,1.043,laggard_gpu_busy,gemm=12.5ms;moe_permute=3.1ms;hybridep_meta=0.0ms,
4,48041751875,34.671,6,0.0,1.036,laggard_gpu_busy,gemm=19.1ms;cat_copy=10.9ms;moe_permute=3.5ms,
4,48095421553,43.677,6,0.0,1.024,laggard_gpu_busy,cat_copy=19.4ms;gemm=18.0ms;elementwise=3.9ms,
4,48296877719,6.234,3,0.001,1.028,laggard_gpu_busy,gemm=3.8ms;moe_permute=2.6ms;hybridep_meta=0.0ms,
4,48340549043,7.141,3,0.001,1.043,laggard_gpu_busy,gemm=4.7ms;moe_permute=2.8ms;hybridep_meta=0.0ms,
4,48496335343,17.777,2,0.0,1.019,laggard_gpu_busy,gemm=7.1ms;cat_copy=6.8ms;moe_permute=2.6ms,
4,48535842980,21.272,2,0.0,1.035,laggard_gpu_busy,gemm=11.9ms;cat_copy=4.7ms;moe_permute=2.8ms,
4,48707914202,6.969,5,0.001,1.048,laggard_gpu_busy,gemm=4.8ms;moe_permute=2.5ms;hybridep_meta=0.0ms,
4,48745595997,8.593,5,0.0,1.074,laggard_gpu_busy,gemm=6.7ms;moe_permute=2.5ms;hybridep_meta=0.0ms,
4,49116378629,22.315,6,0.0,1.025,laggard_gpu_busy,gemm=9.1ms;cat_copy=8.7ms;moe_permute=2.9ms,
4,49164468874,26.198,6,0.0,1.028,laggard_gpu_busy,gemm=15.0ms;cat_copy=5.5ms;elementwise=3.4ms,
4,49355898263,8.226,1,0.001,1.039,laggard_gpu_busy,gemm=5.0ms;moe_permute=2.2ms;elementwise=0.9ms,
4,49390944321,10.354,1,0.0,1.048,laggard_gpu_busy,gemm=8.4ms;moe_permute=2.4ms;hybridep_meta=0.0ms,
4,49552310770,25.77,7,0.0,1.014,laggard_gpu_busy,gemm=10.5ms;cat_copy=9.8ms;moe_permute=3.6ms,
4,49603468981,31.424,7,0.0,1.022,laggard_gpu_busy,gemm=15.9ms;cat_copy=9.1ms;moe_permute=3.6ms,
4,49793789655,6.133,3,0.001,1.045,laggard_gpu_busy,gemm=4.3ms;moe_permute=2.1ms;hybridep_meta=0.0ms,
4,49827741463,7.218,3,0.001,1.046,laggard_gpu_busy,gemm=5.3ms;moe_permute=2.3ms;hybridep_meta=0.0ms,
4,49987769564,14.625,0,0.0,1.02,laggard_gpu_busy,gemm=6.3ms;cat_copy=3.9ms;moe_permute=2.9ms,
4,50030190508,18.364,0,0.0,1.038,laggard_gpu_busy,gemm=12.5ms;cat_copy=3.6ms;moe_permute=2.9ms,
5,23773494544,8.432,3,0.001,1.035,laggard_gpu_busy,gemm=4.8ms;moe_permute=2.2ms;cat_copy=0.9ms,
5,23844728471,25.898,7,0.0,1.016,laggard_gpu_busy,gemm=11.9ms;cat_copy=8.9ms;moe_permute=3.4ms,
5,24083071892,25.707,6,0.0,1.027,laggard_gpu_busy,gemm=11.2ms;cat_copy=9.6ms;moe_permute=3.5ms,
5,24173477253,18.329,4,0.0,1.017,laggard_gpu_busy,cat_copy=7.0ms;gemm=6.6ms;moe_permute=3.1ms,
5,24405301886,9.639,2,0.001,1.033,laggard_gpu_busy,gemm=5.9ms;moe_permute=2.7ms;elementwise=1.0ms,
5,24481910819,12.106,3,0.0,1.026,laggard_gpu_busy,gemm=6.3ms;moe_permute=2.7ms;cat_copy=2.4ms,
5,24564375304,20.309,6,0.0,1.012,laggard_gpu_busy,gemm=8.5ms;cat_copy=6.2ms;moe_permute=3.5ms,
5,24645665990,23.984,6,0.0,1.039,laggard_gpu_busy,gemm=11.0ms;cat_copy=8.7ms;moe_permute=3.2ms,
5,24803189799,15.45,3,0.0,1.02,laggard_gpu_busy,gemm=6.0ms;cat_copy=5.5ms;moe_permute=2.5ms,
5,24880921042,23.127,2,0.0,1.018,laggard_gpu_busy,gemm=9.3ms;cat_copy=8.9ms;moe_permute=3.2ms,
5,24963245976,25.279,4,0.0,0.931,laggard_gpu_busy,gemm=10.1ms;cat_copy=8.4ms;moe_permute=3.0ms,
5,25049693566,30.8,4,0.0,1.03,laggard_gpu_busy,gemm=14.4ms;cat_copy=11.0ms;moe_permute=3.9ms,
5,25210298628,29.208,3,0.0,1.023,laggard_gpu_busy,gemm=14.7ms;cat_copy=9.7ms;moe_permute=3.3ms,
5,25298679541,20.631,0,0.0,1.021,laggard_gpu_busy,gemm=9.0ms;cat_copy=7.4ms;moe_permute=2.8ms,
5,25385940191,26.84,4,0.0,1.013,laggard_gpu_busy,gemm=11.7ms;cat_copy=9.9ms;moe_permute=3.2ms,
5,25470680763,27.896,0,0.0,1.033,laggard_gpu_busy,gemm=14.8ms;cat_copy=8.9ms;moe_permute=3.0ms,
5,25647263131,11.389,6,0.001,1.03,laggard_gpu_busy,gemm=8.2ms;moe_permute=3.2ms;elementwise=0.3ms,
5,25730969425,10.425,4,0.001,1.03,laggard_gpu_busy,gemm=5.4ms;moe_permute=2.5ms;cat_copy=2.0ms,
5,26023962335,12.779,7,0.0,1.023,laggard_gpu_busy,gemm=6.4ms;moe_permute=2.8ms;cat_copy=2.8ms,
5,26274784352,19.894,3,0.0,1.014,laggard_gpu_busy,gemm=7.9ms;cat_copy=6.9ms;moe_permute=3.2ms,
5,26424145575,20.34,2,0.0,1.013,laggard_gpu_busy,cat_copy=8.0ms;gemm=7.6ms;moe_permute=3.0ms,
5,26671005970,25.323,6,0.0,1.032,laggard_gpu_busy,gemm=11.6ms;cat_copy=9.3ms;moe_permute=3.1ms,
5,26908352103,7.669,6,0.001,1.048,laggard_gpu_busy,gemm=5.5ms;moe_permute=2.6ms;elementwise=0.0ms,
5,27066924514,15.699,1,0.0,1.022,laggard_gpu_busy,gemm=6.0ms;cat_copy=5.9ms;moe_permute=2.5ms,
5,27211885833,16.652,2,0.0,1.018,laggard_gpu_busy,cat_copy=6.8ms;gemm=5.9ms;moe_permute=2.6ms,
5,27291772644,22.287,0,0.0,1.019,laggard_gpu_busy,cat_copy=9.0ms;gemm=8.4ms;moe_permute=3.1ms,
5,27455635858,19.482,1,0.0,1.027,laggard_gpu_busy,gemm=7.7ms;cat_copy=7.5ms;moe_permute=2.9ms,
5,27608688192,21.558,6,0.0,1.014,laggard_gpu_busy,cat_copy=8.9ms;gemm=7.8ms;moe_permute=3.1ms,
5,27692637971,24.056,7,0.0,1.041,laggard_gpu_busy,gemm=11.3ms;cat_copy=8.4ms;moe_permute=3.3ms,
5,27855768573,21.1,4,0.0,1.016,laggard_gpu_busy,cat_copy=8.6ms;gemm=7.5ms;moe_permute=3.2ms,
5,28010300052,17.959,7,0.0,1.018,laggard_gpu_busy,gemm=7.0ms;cat_copy=6.4ms;moe_permute=2.9ms,
5,28088225091,25.912,6,0.0,1.033,laggard_gpu_busy,gemm=12.2ms;cat_copy=9.2ms;moe_permute=3.2ms,
5,28182085521,12.027,1,0.0,1.024,laggard_gpu_busy,gemm=6.5ms;moe_permute=2.9ms;cat_copy=1.9ms,
5,28257017167,36.309,1,0.0,1.032,laggard_gpu_busy,gemm=18.7ms;cat_copy=12.1ms;moe_permute=3.8ms,
5,28428332361,13.814,0,0.0,1.02,laggard_gpu_busy,gemm=5.9ms;cat_copy=3.9ms;moe_permute=2.6ms,
5,28500962777,28.862,6,0.0,1.038,laggard_gpu_busy,gemm=15.5ms;cat_copy=9.1ms;moe_permute=3.1ms,
5,28594326532,17.917,0,0.0,1.014,laggard_gpu_busy,cat_copy=6.9ms;gemm=6.6ms;moe_permute=2.8ms,
5,28677078800,27.062,4,0.0,1.016,laggard_gpu_busy,gemm=11.2ms;cat_copy=10.6ms;moe_permute=3.3ms,
5,28843954641,11.444,6,0.0,1.027,laggard_gpu_busy,gemm=6.9ms;moe_permute=3.0ms;elementwise=1.1ms,
5,28923079879,10.543,7,0.0,1.024,laggard_gpu_busy,gemm=6.1ms;moe_permute=2.9ms;elementwise=1.0ms,
5,29000551796,13.153,3,0.0,1.024,laggard_gpu_busy,gemm=6.3ms;cat_copy=3.2ms;moe_permute=2.9ms,
5,29071901724,20.936,2,0.0,1.029,laggard_gpu_busy,gemm=9.9ms;cat_copy=7.0ms;moe_permute=2.9ms,
5,29225284300,22.512,1,0.0,0.915,laggard_gpu_busy,cat_copy=8.4ms;gemm=7.2ms;moe_permute=3.0ms,
5,29316186325,15.709,2,0.0,1.018,laggard_gpu_busy,gemm=7.2ms;cat_copy=3.7ms;moe_permute=3.0ms,
5,29466503572,22.651,4,0.0,1.034,laggard_gpu_busy,gemm=10.5ms;cat_copy=8.0ms;moe_permute=3.1ms,
5,29634104829,6.448,1,0.001,1.021,laggard_gpu_busy,gemm=3.9ms;moe_permute=2.7ms;hybridep_meta=0.0ms,
5,29709068139,5.952,1,0.001,1.021,laggard_gpu_busy,gemm=3.7ms;moe_permute=2.4ms;hybridep_meta=0.0ms,
5,29782418416,7.653,0,0.0,1.037,laggard_gpu_busy,gemm=5.3ms;moe_permute=2.4ms;elementwise=0.2ms,
5,29856671194,22.521,1,0.0,1.013,laggard_gpu_busy,cat_copy=9.2ms;gemm=8.2ms;moe_permute=3.2ms,
5,30018737889,10.312,6,0.0,1.026,laggard_gpu_busy,gemm=6.4ms;moe_permute=2.8ms;elementwise=1.0ms,
5,30094601109,11.952,4,0.0,1.029,laggard_gpu_busy,gemm=6.0ms;cat_copy=2.8ms;moe_permute=2.6ms,
5,30388531145,23.387,6,0.0,0.955,laggard_gpu_busy,gemm=10.4ms;cat_copy=7.3ms;moe_permute=2.8ms,
5,30473405908,18.41,1,0.0,1.017,laggard_gpu_busy,cat_copy=7.4ms;gemm=6.8ms;moe_permute=2.7ms,
5,30553316993,17.549,0,0.0,1.013,laggard_gpu_busy,cat_copy=7.1ms;gemm=6.2ms;moe_permute=2.7ms,
5,30785676666,16.426,4,0.0,1.014,laggard_gpu_busy,gemm=6.4ms;cat_copy=5.7ms;moe_permute=2.8ms,
5,30865105444,28.133,6,0.0,1.015,laggard_gpu_busy,gemm=12.4ms;cat_copy=10.1ms;moe_permute=3.7ms,
5,30964431976,11.652,6,0.0,1.022,laggard_gpu_busy,gemm=6.7ms;moe_permute=2.8ms;cat_copy=1.3ms,
5,31060499256,8.285,1,0.001,1.033,laggard_gpu_busy,gemm=5.2ms;moe_permute=3.4ms;hybridep_meta=0.0ms,
5,33715926314,14.107,1,0.0,1.034,laggard_gpu_busy,gemm=11.1ms;moe_permute=3.5ms;hybridep_meta=0.0ms,
5,33887363474,11.508,6,0.0,1.023,laggard_gpu_busy,gemm=6.7ms;moe_permute=2.8ms;cat_copy=1.1ms,
5,33933238976,13.916,6,0.0,1.037,laggard_gpu_busy,gemm=11.5ms;moe_permute=2.9ms;hybridep_meta=0.0ms,
5,34101012529,68.418,6,0.0,0.416,mixed,gemm=12.4ms;cat_copy=10.4ms;moe_permute=3.4ms,
5,34195185308,37.182,6,0.0,1.014,laggard_gpu_busy,gemm=17.1ms;cat_copy=13.3ms;elementwise=3.9ms,
5,34387564431,16.007,4,0.0,1.016,laggard_gpu_busy,gemm=6.3ms;cat_copy=5.4ms;moe_permute=2.7ms,
5,34430369961,19.126,4,0.0,1.031,laggard_gpu_busy,gemm=12.7ms;cat_copy=3.7ms;moe_permute=2.8ms,
5,34810196301,17.586,0,0.0,1.014,laggard_gpu_busy,cat_copy=7.1ms;gemm=6.2ms;moe_permute=2.7ms,
5,34852051552,21.138,0,0.0,1.029,laggard_gpu_busy,gemm=12.4ms;cat_copy=3.6ms;moe_permute=2.9ms,
5,35017919428,18.37,1,0.0,1.019,laggard_gpu_busy,cat_copy=7.3ms;gemm=6.9ms;moe_permute=2.7ms,
5,35060507581,21.999,1,0.0,1.03,laggard_gpu_busy,gemm=12.8ms;cat_copy=4.1ms;moe_permute=2.9ms,
5,35234565462,23.282,6,0.0,0.954,laggard_gpu_busy,gemm=10.4ms;cat_copy=7.3ms;moe_permute=2.7ms,
5,35276232009,27.497,6,0.0,1.029,laggard_gpu_busy,gemm=12.9ms;cat_copy=9.6ms;moe_permute=2.9ms,
5,35724167743,5.241,0,0.001,1.08,laggard_gpu_busy,moe_permute=2.8ms;gemm=2.8ms;hybridep_meta=0.0ms,
5,35879051512,12.217,4,0.0,1.027,laggard_gpu_busy,gemm=6.0ms;cat_copy=2.8ms;moe_permute=2.8ms,
5,35919976973,14.444,4,0.0,1.047,laggard_gpu_busy,gemm=11.8ms;moe_permute=2.8ms;cat_copy=0.5ms,
5,36094178249,10.903,6,0.001,1.024,laggard_gpu_busy,gemm=6.4ms;moe_permute=3.1ms;elementwise=1.0ms,
5,36139679677,12.808,6,0.0,1.04,laggard_gpu_busy,gemm=10.3ms;moe_permute=3.0ms;hybridep_meta=0.0ms,
5,36305894755,23.107,1,0.0,1.014,laggard_gpu_busy,cat_copy=9.5ms;gemm=8.3ms;moe_permute=3.4ms,
5,36358201733,31.601,1,0.0,1.022,laggard_gpu_busy,gemm=16.4ms;cat_copy=8.8ms;elementwise=3.8ms,
5,36543596461,7.67,0,0.0,1.039,laggard_gpu_busy,gemm=5.3ms;moe_permute=2.4ms;elementwise=0.2ms,
5,36581030058,9.346,0,0.0,1.036,laggard_gpu_busy,gemm=7.2ms;moe_permute=2.5ms;hybridep_meta=0.0ms,
5,36749888866,5.404,1,0.001,1.02,laggard_gpu_busy,gemm=3.1ms;moe_permute=2.4ms;hybridep_meta=0.0ms,
5,36787813923,6.457,1,0.001,1.008,laggard_gpu_busy,gemm=4.0ms;moe_permute=2.5ms;hybridep_meta=0.0ms,
5,36957401759,6.605,1,0.001,1.026,laggard_gpu_busy,gemm=4.0ms;moe_permute=2.8ms;hybridep_meta=0.0ms,
5,37002578641,8.01,1,0.001,1.03,laggard_gpu_busy,gemm=5.3ms;moe_permute=2.9ms;hybridep_meta=0.0ms,
5,37155937248,22.923,4,0.0,0.956,laggard_gpu_busy,gemm=8.7ms;cat_copy=8.3ms;moe_permute=3.0ms,
5,37200552910,27.271,4,0.0,1.014,laggard_gpu_busy,gemm=13.5ms;cat_copy=7.9ms;elementwise=3.1ms,
5,37585759041,16.561,2,0.0,1.016,laggard_gpu_busy,gemm=7.3ms;cat_copy=4.0ms;moe_permute=3.5ms,
5,37634826102,20.275,2,0.0,1.034,laggard_gpu_busy,gemm=14.5ms;moe_permute=3.4ms;cat_copy=3.1ms,
5,37805364214,22.919,1,0.0,0.909,laggard_gpu_busy,cat_copy=8.5ms;gemm=7.3ms;moe_permute=3.0ms,
5,37852433725,26.754,1,0.0,1.024,laggard_gpu_busy,gemm=14.5ms;cat_copy=6.6ms;elementwise=3.2ms,
5,38026538806,20.902,2,0.0,1.029,laggard_gpu_busy,gemm=9.9ms;cat_copy=7.0ms;moe_permute=2.8ms,
5,38067947317,24.869,2,0.0,1.029,laggard_gpu_busy,gemm=12.3ms;cat_copy=7.5ms;moe_permute=3.0ms,
5,38243957020,13.09,3,0.0,1.022,laggard_gpu_busy,gemm=6.4ms;cat_copy=3.1ms;moe_permute=2.8ms,
5,38287449354,16.214,3,0.0,1.044,laggard_gpu_busy,gemm=12.7ms;moe_permute=3.0ms;cat_copy=1.2ms,
5,38460363195,10.328,7,0.0,1.026,laggard_gpu_busy,gemm=6.0ms;moe_permute=2.7ms;elementwise=1.0ms,
5,38503376005,12.014,7,0.0,1.033,laggard_gpu_busy,gemm=9.5ms;moe_permute=2.9ms;hybridep_meta=0.0ms,
5,38678750439,11.562,6,0.0,1.025,laggard_gpu_busy,gemm=6.9ms;moe_permute=3.0ms;elementwise=1.1ms,
5,38726066800,13.792,6,0.0,1.028,laggard_gpu_busy,gemm=11.0ms;moe_permute=3.2ms;hybridep_meta=0.0ms,
5,38889698688,27.587,4,0.0,1.016,laggard_gpu_busy,gemm=11.2ms;cat_copy=10.7ms;moe_permute=3.7ms,
5,38945807078,38.302,4,0.0,1.016,laggard_gpu_busy,gemm=17.7ms;cat_copy=13.4ms;elementwise=4.2ms,
5,39134504260,17.852,0,0.0,1.014,laggard_gpu_busy,cat_copy=6.9ms;gemm=6.5ms;moe_permute=2.8ms,
5,39178150227,21.499,0,0.0,1.03,laggard_gpu_busy,gemm=13.2ms;cat_copy=3.8ms;moe_permute=2.9ms,
5,39344165300,30.007,6,0.0,1.031,laggard_gpu_busy,gemm=15.5ms;cat_copy=9.9ms;moe_permute=3.4ms,
5,39394894932,38.147,6,0.0,1.017,laggard_gpu_busy,cat_copy=16.2ms;gemm=15.7ms;elementwise=3.6ms,
5,39588444564,13.984,0,0.0,1.018,laggard_gpu_busy,gemm=5.9ms;cat_copy=4.0ms;moe_permute=2.6ms,
5,39628373386,16.672,0,0.0,1.045,laggard_gpu_busy,gemm=11.8ms;cat_copy=2.9ms;moe_permute=2.7ms,
5,39793832437,40.135,1,0.0,1.031,laggard_gpu_busy,gemm=19.8ms;cat_copy=14.3ms;moe_permute=4.4ms,
5,39859368163,53.485,1,0.0,1.012,laggard_gpu_busy,cat_copy=24.9ms;gemm=20.4ms;elementwise=4.9ms,
5,40071158488,11.927,1,0.0,1.022,laggard_gpu_busy,gemm=6.5ms;moe_permute=2.8ms;cat_copy=1.9ms,
5,40115705907,14.477,1,0.0,1.039,laggard_gpu_busy,gemm=12.1ms;moe_permute=3.0ms;hybridep_meta=0.0ms,
5,40275682139,25.423,6,0.0,1.032,laggard_gpu_busy,gemm=12.2ms;cat_copy=8.9ms;moe_permute=3.1ms,
5,40324445747,30.41,6,0.0,1.022,laggard_gpu_busy,gemm=15.3ms;cat_copy=9.0ms;elementwise=3.4ms,
5,40512275903,18.111,7,0.0,1.017,laggard_gpu_busy,gemm=7.0ms;cat_copy=6.6ms;moe_permute=2.9ms,
5,40558129218,21.917,7,0.0,1.036,laggard_gpu_busy,gemm=14.0ms;cat_copy=4.0ms;moe_permute=3.2ms,
5,40753328259,21.009,4,0.0,1.016,laggard_gpu_busy,cat_copy=8.5ms;gemm=7.5ms;moe_permute=3.3ms,
5,40799845099,25.923,4,0.0,1.025,laggard_gpu_busy,gemm=13.9ms;cat_copy=6.2ms;moe_permute=3.2ms,
5,41177331025,23.566,7,0.0,1.042,laggard_gpu_busy,gemm=11.1ms;cat_copy=8.4ms;moe_permute=3.1ms,
5,41224438141,28.02,7,0.0,1.025,laggard_gpu_busy,gemm=14.7ms;cat_copy=7.7ms;elementwise=3.2ms,
5,41410064026,22.011,6,0.0,1.014,laggard_gpu_busy,cat_copy=9.0ms;gemm=7.9ms;moe_permute=3.3ms,
5,41459436822,25.617,6,0.0,1.03,laggard_gpu_busy,gemm=15.0ms;cat_copy=4.7ms;elementwise=3.4ms,
5,41638583813,19.679,1,0.0,1.029,laggard_gpu_busy,gemm=7.9ms;cat_copy=7.5ms;moe_permute=3.0ms,
5,41681549844,23.917,1,0.0,1.03,laggard_gpu_busy,gemm=13.2ms;cat_copy=5.5ms;elementwise=3.0ms,
5,42079407711,22.248,0,0.0,1.017,laggard_gpu_busy,cat_copy=9.0ms;gemm=8.4ms;moe_permute=3.1ms,
5,42128632481,30.46,0,0.0,1.02,laggard_gpu_busy,gemm=15.1ms;cat_copy=9.1ms;elementwise=3.5ms,
5,42309554394,16.304,2,0.0,1.017,laggard_gpu_busy,cat_copy=6.5ms;gemm=5.8ms;moe_permute=2.5ms,
5,42348676276,19.3,2,0.0,1.036,laggard_gpu_busy,gemm=11.6ms;cat_copy=3.4ms;moe_permute=2.8ms,
5,42517851831,16.171,1,0.0,1.021,laggard_gpu_busy,cat_copy=6.1ms;gemm=6.0ms;moe_permute=2.8ms,
5,42557720311,19.409,1,0.0,1.042,laggard_gpu_busy,gemm=11.9ms;cat_copy=3.5ms;moe_permute=2.7ms,
5,42969365390,7.192,6,0.001,1.041,laggard_gpu_busy,gemm=5.0ms;moe_permute=2.5ms;hybridep_meta=0.0ms,
5,43008496808,8.384,6,0.001,1.042,laggard_gpu_busy,gemm=6.1ms;moe_permute=2.7ms;hybridep_meta=0.0ms,
5,43373871826,25.063,6,0.0,1.035,laggard_gpu_busy,gemm=11.7ms;cat_copy=9.1ms;moe_permute=3.0ms,
5,43423452951,33.26,6,0.0,1.019,laggard_gpu_busy,gemm=15.5ms;cat_copy=11.6ms;elementwise=3.5ms,
5,44052672017,20.258,2,0.0,1.016,laggard_gpu_busy,cat_copy=8.0ms;gemm=7.7ms;moe_permute=2.9ms,
5,44097393211,24.064,2,0.0,1.029,laggard_gpu_busy,gemm=13.9ms;cat_copy=4.8ms;elementwise=3.1ms,
5,44275061879,19.882,3,0.0,1.014,laggard_gpu_busy,gemm=7.9ms;cat_copy=6.8ms;moe_permute=3.2ms,
5,44326415570,28.252,3,0.0,1.024,laggard_gpu_busy,gemm=15.9ms;cat_copy=8.5ms;moe_permute=3.5ms,
5,44571271165,5.45,3,0.001,1.047,laggard_gpu_busy,moe_permute=3.1ms;gemm=2.6ms;hybridep_meta=0.0ms,
5,44953631742,12.332,7,0.0,1.024,laggard_gpu_busy,gemm=6.4ms;moe_permute=2.9ms;cat_copy=2.3ms,
5,44996999198,14.77,7,0.0,1.046,laggard_gpu_busy,gemm=12.6ms;moe_permute=2.9ms;hybridep_meta=0.0ms,
5,45564765620,10.456,4,0.0,1.027,laggard_gpu_busy,gemm=5.4ms;moe_permute=2.4ms;cat_copy=2.0ms,
5,45602010502,12.765,4,0.0,1.061,laggard_gpu_busy,gemm=10.9ms;moe_permute=2.6ms;cat_copy=0.1ms,
5,45784963754,11.704,6,0.0,1.029,laggard_gpu_busy,gemm=8.3ms;moe_permute=3.2ms;elementwise=0.6ms,
5,45839504764,17.307,6,0.0,1.048,laggard_gpu_busy,gemm=14.9ms;moe_permute=3.3ms;hybridep_meta=0.0ms,
5,46001994281,28.179,0,0.0,1.032,laggard_gpu_busy,gemm=14.9ms;cat_copy=8.9ms;moe_permute=3.1ms,
5,46050149965,33.189,0,0.0,1.02,laggard_gpu_busy,gemm=14.9ms;cat_copy=12.3ms;elementwise=3.5ms,
5,46232212741,27.534,4,0.0,0.997,laggard_gpu_busy,gemm=11.3ms;cat_copy=9.9ms;moe_permute=3.8ms,
5,46285862200,38.17,4,0.0,1.013,laggard_gpu_busy,gemm=16.7ms;cat_copy=14.6ms;elementwise=4.0ms,
5,46471318187,20.774,0,0.0,1.021,laggard_gpu_busy,gemm=9.1ms;cat_copy=7.4ms;moe_permute=2.8ms,
5,46514138412,24.34,0,0.0,1.027,laggard_gpu_busy,gemm=12.6ms;cat_copy=6.5ms;moe_permute=3.0ms,
5,46685287987,28.535,3,0.0,1.025,laggard_gpu_busy,gemm=14.8ms;cat_copy=9.2ms;moe_permute=3.1ms,
5,46734784135,39.583,3,0.0,1.016,laggard_gpu_busy,cat_copy=17.2ms;gemm=15.9ms;elementwise=3.7ms,
5,46924297240,28.668,4,0.0,1.036,laggard_gpu_busy,gemm=14.2ms;cat_copy=10.0ms;moe_permute=3.2ms,
5,46977063620,39.192,4,0.0,1.016,laggard_gpu_busy,gemm=16.8ms;cat_copy=15.5ms;elementwise=4.0ms,
5,47162665751,25.206,4,0.0,1.021,laggard_gpu_busy,gemm=12.4ms;cat_copy=8.4ms;moe_permute=2.9ms,
5,47208443280,30.133,4,0.0,1.022,laggard_gpu_busy,gemm=14.4ms;cat_copy=10.0ms;elementwise=3.3ms,
5,47394813705,23.196,2,0.0,1.021,laggard_gpu_busy,gemm=9.4ms;cat_copy=8.9ms;moe_permute=3.2ms,
5,47443546967,28.074,2,0.0,1.026,laggard_gpu_busy,gemm=15.3ms;cat_copy=6.8ms;elementwise=3.5ms,
5,47624149188,15.405,3,0.0,1.019,laggard_gpu_busy,gemm=5.9ms;cat_copy=5.5ms;moe_permute=2.5ms,
5,47663900399,18.405,3,0.0,1.038,laggard_gpu_busy,gemm=11.9ms;cat_copy=3.4ms;moe_permute=2.7ms,
5,47826071474,23.033,6,0.0,1.043,laggard_gpu_busy,gemm=10.8ms;cat_copy=8.2ms;moe_permute=3.1ms,
5,47871465416,27.649,6,0.0,1.028,laggard_gpu_busy,gemm=14.1ms;cat_copy=8.1ms;elementwise=3.1ms,
5,48054740265,21.682,6,0.0,1.011,laggard_gpu_busy,gemm=8.6ms;cat_copy=7.4ms;moe_permute=3.5ms,
5,48112874238,26.223,6,0.0,1.024,laggard_gpu_busy,gemm=16.9ms;cat_copy=6.6ms;moe_permute=3.4ms,
5,48291170651,11.941,3,0.0,1.025,laggard_gpu_busy,gemm=6.3ms;moe_permute=2.6ms;cat_copy=2.3ms,
5,48333597050,14.092,3,0.0,1.054,laggard_gpu_busy,gemm=12.1ms;moe_permute=2.8ms;hybridep_meta=0.0ms,
5,48504513122,9.599,2,0.0,1.034,laggard_gpu_busy,gemm=5.9ms;moe_permute=2.6ms;elementwise=1.0ms,
5,48545655000,11.458,2,0.0,1.054,laggard_gpu_busy,gemm=9.3ms;moe_permute=2.8ms;hybridep_meta=0.0ms,
5,48901571441,18.387,4,0.0,1.016,laggard_gpu_busy,cat_copy=7.2ms;gemm=6.7ms;moe_permute=2.9ms,
5,48945684350,21.883,4,0.0,1.035,laggard_gpu_busy,gemm=13.4ms;cat_copy=3.9ms;moe_permute=3.0ms,
5,49114744216,23.949,6,0.0,1.025,laggard_gpu_busy,gemm=10.8ms;cat_copy=8.7ms;moe_permute=2.9ms,
5,49162569184,28.098,6,0.0,1.026,laggard_gpu_busy,gemm=15.0ms;cat_copy=7.4ms;elementwise=3.4ms,
5,49395135992,6.162,1,0.001,1.057,laggard_gpu_busy,gemm=4.1ms;moe_permute=2.4ms;hybridep_meta=0.0ms,
5,49551008367,27.071,7,0.0,1.014,laggard_gpu_busy,gemm=11.9ms;cat_copy=9.8ms;moe_permute=3.6ms,
5,49601925807,32.967,7,0.0,1.021,laggard_gpu_busy,gemm=15.9ms;cat_copy=10.6ms;moe_permute=3.6ms,
5,49791466883,8.454,3,0.001,1.032,laggard_gpu_busy,gemm=4.8ms;moe_permute=2.1ms;cat_copy=1.0ms,
5,49824951647,10.007,3,0.0,1.052,laggard_gpu_busy,gemm=8.3ms;moe_permute=2.3ms;hybridep_meta=0.0ms,
6,23699189463,11.477,0,0.0,1.026,laggard_gpu_busy,gemm=6.3ms;moe_permute=2.7ms;cat_copy=1.7ms,
6,23850029919,20.597,7,0.0,1.015,laggard_gpu_busy,gemm=8.0ms;cat_copy=7.4ms;moe_permute=3.4ms,
6,24178714314,13.091,4,0.0,1.025,laggard_gpu_busy,gemm=6.6ms;moe_permute=3.1ms;cat_copy=2.6ms,
6,24257767254,8.191,5,0.001,1.038,laggard_gpu_busy,gemm=5.3ms;moe_permute=2.4ms;elementwise=0.8ms,
6,24482957920,11.06,3,0.0,1.028,laggard_gpu_busy,gemm=6.3ms;moe_permute=2.7ms;cat_copy=1.4ms,
6,24806527264,12.113,3,0.0,1.026,laggard_gpu_busy,gemm=6.0ms;cat_copy=2.9ms;moe_permute=2.5ms,
6,24898087144,5.961,2,0.001,1.023,laggard_gpu_busy,moe_permute=3.2ms;gemm=2.9ms;hybridep_meta=0.0ms,
6,24976545495,11.979,4,0.0,1.026,laggard_gpu_busy,gemm=7.2ms;moe_permute=3.0ms;elementwise=1.2ms,
6,25061042781,19.451,4,0.0,1.015,laggard_gpu_busy,gemm=8.9ms;cat_copy=5.3ms;moe_permute=3.9ms,
6,25210570650,28.938,3,0.0,1.022,laggard_gpu_busy,gemm=14.4ms;cat_copy=9.7ms;moe_permute=3.3ms,
6,25307962781,11.347,0,0.0,1.023,laggard_gpu_busy,gemm=6.3ms;moe_permute=2.8ms;cat_copy=1.5ms,
6,25380307526,32.471,4,0.0,1.034,laggard_gpu_busy,gemm=18.0ms;cat_copy=9.9ms;moe_permute=3.2ms,
6,25489223173,9.354,0,0.0,1.027,laggard_gpu_busy,gemm=6.6ms;moe_permute=3.0ms;hybridep_meta=0.0ms,
6,25807444524,6.58,1,0.001,1.062,laggard_gpu_busy,gemm=4.7ms;moe_permute=2.3ms;hybridep_meta=0.0ms,
6,25880153814,9.87,5,0.0,1.028,laggard_gpu_busy,gemm=5.7ms;moe_permute=2.5ms;elementwise=1.0ms,
6,26019863548,16.878,7,0.0,1.017,laggard_gpu_busy,gemm=6.4ms;cat_copy=6.1ms;moe_permute=2.8ms,
6,26187143587,19.234,3,0.0,1.017,laggard_gpu_busy,cat_copy=7.5ms;gemm=7.0ms;moe_permute=3.1ms,
6,26280209084,14.468,3,0.0,1.02,laggard_gpu_busy,gemm=7.9ms;moe_permute=3.2ms;cat_copy=2.5ms,
6,26426314674,18.171,2,0.0,1.014,laggard_gpu_busy,gemm=6.9ms;cat_copy=6.5ms;moe_permute=3.0ms,
6,26520201229,6.986,5,0.001,1.031,laggard_gpu_busy,gemm=4.3ms;moe_permute=2.9ms;hybridep_meta=0.0ms,
6,26591719764,17.815,0,0.0,1.014,laggard_gpu_busy,cat_copy=7.0ms;gemm=6.3ms;moe_permute=2.9ms,
6,26834451339,5.897,5,0.001,1.03,laggard_gpu_busy,gemm=3.7ms;moe_permute=2.4ms;hybridep_meta=0.0ms,
6,26994882850,10.5,5,0.0,1.019,laggard_gpu_busy,gemm=7.5ms;moe_permute=3.2ms;hybridep_meta=0.0ms,
6,27071171028,11.452,1,0.0,1.031,laggard_gpu_busy,gemm=6.0ms;moe_permute=2.5ms;cat_copy=2.3ms,
6,27293170691,20.889,0,0.0,1.011,laggard_gpu_busy,cat_copy=8.4ms;gemm=7.5ms;moe_permute=3.1ms,
6,27378130079,16.068,5,0.0,1.02,laggard_gpu_busy,gemm=6.2ms;cat_copy=5.6ms;moe_permute=2.8ms,
6,27458082893,17.035,1,0.0,1.017,laggard_gpu_busy,gemm=6.6ms;cat_copy=5.9ms;moe_permute=2.9ms,
6,27694797874,21.896,7,0.0,1.013,laggard_gpu_busy,cat_copy=8.4ms;gemm=8.4ms;moe_permute=3.3ms,
6,27777758089,15.32,0,0.0,1.019,laggard_gpu_busy,cat_copy=5.8ms;gemm=5.7ms;moe_permute=2.5ms,
6,27859317116,17.551,4,0.0,1.016,laggard_gpu_busy,gemm=7.0ms;cat_copy=5.5ms;moe_permute=3.2ms,
6,28007099930,21.159,7,0.0,1.027,laggard_gpu_busy,gemm=9.1ms;cat_copy=7.8ms;moe_permute=2.9ms,
6,28179265720,14.846,1,0.0,1.019,laggard_gpu_busy,gemm=6.5ms;cat_copy=3.9ms;moe_permute=2.9ms,
6,28263619986,29.706,1,0.0,1.009,laggard_gpu_busy,cat_copy=12.1ms;gemm=11.2ms;moe_permute=3.8ms,
6,28428848702,13.297,0,0.0,1.021,laggard_gpu_busy,gemm=5.9ms;cat_copy=3.4ms;moe_permute=2.6ms,
6,28605901160,6.343,0,0.001,1.04,laggard_gpu_busy,gemm=3.8ms;moe_permute=2.8ms;hybridep_meta=0.0ms,
6,28675178651,28.962,4,0.0,1.015,laggard_gpu_busy,gemm=13.1ms;cat_copy=10.6ms;moe_permute=3.3ms,
6,28918805586,14.816,7,0.0,1.017,laggard_gpu_busy,gemm=6.1ms;cat_copy=4.3ms;moe_permute=2.9ms,
6,28995303384,18.401,3,0.0,1.016,laggard_gpu_busy,cat_copy=7.5ms;gemm=6.5ms;moe_permute=2.9ms,
6,29077637581,15.2,2,0.0,1.019,laggard_gpu_busy,gemm=6.1ms;cat_copy=4.7ms;moe_permute=2.9ms,
6,29229603446,18.193,1,0.0,1.015,laggard_gpu_busy,gemm=7.2ms;cat_copy=6.2ms;moe_permute=3.0ms,
6,29312279639,19.615,2,0.0,1.014,laggard_gpu_busy,cat_copy=7.6ms;gemm=7.2ms;moe_permute=3.0ms,
6,29472735451,16.418,4,0.0,1.019,laggard_gpu_busy,gemm=6.8ms;cat_copy=4.9ms;moe_permute=3.1ms,
6,29621195710,19.357,1,0.0,1.02,laggard_gpu_busy,gemm=7.7ms;cat_copy=7.5ms;moe_permute=2.7ms,
6,29859603807,19.589,1,0.0,1.015,laggard_gpu_busy,gemm=8.2ms;cat_copy=6.3ms;moe_permute=3.2ms,
6,30093706227,12.846,4,0.0,1.026,laggard_gpu_busy,gemm=6.0ms;cat_copy=3.0ms;moe_permute=2.6ms,
6,30177604128,6.34,0,0.001,1.052,laggard_gpu_busy,gemm=4.0ms;moe_permute=2.7ms;hybridep_meta=0.0ms,
6,30244260220,19.703,3,0.0,1.021,laggard_gpu_busy,gemm=8.0ms;cat_copy=7.5ms;moe_permute=2.7ms,
6,30485937157,5.878,1,0.001,1.032,laggard_gpu_busy,gemm=3.3ms;moe_permute=2.7ms;hybridep_meta=0.0ms,
6,30556680717,14.185,0,0.0,1.017,laggard_gpu_busy,gemm=6.2ms;cat_copy=3.8ms;moe_permute=2.7ms,
6,30795762831,6.341,4,0.001,1.033,laggard_gpu_busy,gemm=3.8ms;moe_permute=2.8ms;hybridep_meta=0.0ms,
6,31029350210,39.433,1,0.0,0.92,laggard_gpu_busy,gemm=19.7ms;cat_copy=10.8ms;moe_permute=3.4ms,
6,33453387295,210.611,5,0.0,0.153,laggard_gpu_idle(host),gemm=18.5ms;cat_copy=8.9ms;moe_permute=2.8ms,
6,33678902777,51.13,1,0.0,1.022,laggard_gpu_busy,gemm=24.2ms;cat_copy=20.3ms;elementwise=4.2ms,
6,34397878730,5.692,4,0.001,1.037,laggard_gpu_busy,gemm=3.2ms;moe_permute=2.7ms;hybridep_meta=0.0ms,
6,34442592116,6.903,4,0.001,1.038,laggard_gpu_busy,gemm=4.3ms;moe_permute=2.8ms;hybridep_meta=0.0ms,
6,34813566928,14.215,0,0.0,1.018,laggard_gpu_busy,gemm=6.2ms;cat_copy=3.8ms;moe_permute=2.7ms,
6,34855825203,17.363,0,0.0,1.036,laggard_gpu_busy,gemm=12.4ms;moe_permute=2.9ms;cat_copy=2.7ms,
6,35030393136,5.895,1,0.001,1.037,laggard_gpu_busy,gemm=3.4ms;moe_permute=2.7ms;hybridep_meta=0.0ms,
6,35074963193,7.543,1,0.001,1.049,laggard_gpu_busy,gemm=5.0ms;moe_permute=2.9ms;hybridep_meta=0.0ms,
6,35453455949,19.961,3,0.0,1.012,laggard_gpu_busy,gemm=7.9ms;cat_copy=7.7ms;moe_permute=2.8ms,
6,35495825392,24.101,3,0.0,1.029,laggard_gpu_busy,gemm=13.1ms;cat_copy=5.8ms;elementwise=3.0ms,
6,35679113840,6.281,0,0.001,1.052,laggard_gpu_busy,gemm=3.9ms;moe_permute=2.7ms;hybridep_meta=0.0ms,
6,35721245115,8.163,0,0.001,1.076,laggard_gpu_busy,gemm=6.0ms;moe_permute=2.8ms;hybridep_meta=0.0ms,
6,35877871809,13.397,4,0.0,1.024,laggard_gpu_busy,gemm=6.0ms;cat_copy=3.2ms;moe_permute=2.8ms,
6,35918283815,16.138,4,0.0,1.042,laggard_gpu_busy,gemm=11.8ms;moe_permute=2.8ms;cat_copy=2.2ms,
6,36308563570,20.439,1,0.0,1.016,laggard_gpu_busy,gemm=8.3ms;cat_copy=6.9ms;moe_permute=3.4ms,
6,36361366017,28.436,1,0.0,1.025,laggard_gpu_busy,gemm=16.4ms;cat_copy=8.7ms;moe_permute=3.3ms,
6,36944584042,19.423,1,0.0,1.018,laggard_gpu_busy,gemm=7.6ms;cat_copy=7.6ms;moe_permute=2.8ms,
6,36987474712,23.113,1,0.0,1.03,laggard_gpu_busy,gemm=13.0ms;cat_copy=4.9ms;moe_permute=2.9ms,
6,37162182714,16.679,4,0.0,1.017,laggard_gpu_busy,gemm=6.8ms;cat_copy=5.2ms;moe_permute=3.0ms,
6,37207610864,20.213,4,0.0,1.02,laggard_gpu_busy,gemm=13.5ms;cat_copy=4.0ms;moe_permute=3.1ms,
6,37581816519,20.504,2,0.0,1.013,laggard_gpu_busy,cat_copy=7.9ms;gemm=7.3ms;moe_permute=3.5ms,
6,37630092876,25.008,2,0.0,1.027,laggard_gpu_busy,gemm=14.5ms;cat_copy=4.5ms;moe_permute=3.4ms,
6,37809610222,18.673,1,0.0,1.015,laggard_gpu_busy,gemm=7.3ms;cat_copy=6.6ms;moe_permute=3.0ms,
6,37857346896,21.841,1,0.0,1.03,laggard_gpu_busy,gemm=14.5ms;cat_copy=4.1ms;moe_permute=3.1ms,
6,38032443620,14.996,2,0.0,1.02,laggard_gpu_busy,gemm=6.2ms;cat_copy=4.6ms;moe_permute=2.8ms,
6,38074532211,18.284,2,0.0,1.041,laggard_gpu_busy,gemm=12.3ms;cat_copy=3.5ms;moe_permute=3.0ms,
6,38238719586,18.328,3,0.0,1.015,laggard_gpu_busy,cat_copy=7.3ms;gemm=6.7ms;moe_permute=2.8ms,
6,38281252914,22.411,3,0.0,1.031,laggard_gpu_busy,gemm=12.7ms;cat_copy=4.5ms;moe_permute=3.0ms,
6,38456077669,14.613,7,0.0,1.018,laggard_gpu_busy,gemm=6.0ms;cat_copy=4.4ms;moe_permute=2.7ms,
6,38497830643,17.56,7,0.0,1.038,laggard_gpu_busy,gemm=12.1ms;cat_copy=3.2ms;moe_permute=2.9ms,
6,38887968866,29.317,4,0.0,1.015,laggard_gpu_busy,gemm=12.9ms;cat_copy=10.7ms;moe_permute=3.7ms,
6,38943434719,40.674,4,0.0,1.015,laggard_gpu_busy,gemm=17.7ms;cat_copy=15.8ms;elementwise=4.2ms,
6,39145793199,6.563,0,0.001,1.039,laggard_gpu_busy,gemm=4.1ms;moe_permute=2.8ms;hybridep_meta=0.0ms,
6,39191456842,8.191,0,0.0,1.028,laggard_gpu_busy,gemm=5.5ms;moe_permute=2.9ms;hybridep_meta=0.0ms,
6,39589166515,13.261,0,0.0,1.019,laggard_gpu_busy,gemm=5.9ms;cat_copy=3.3ms;moe_permute=2.6ms,
6,39628868154,16.177,0,0.0,1.046,laggard_gpu_busy,gemm=11.8ms;moe_permute=2.7ms;cat_copy=2.4ms,
6,39800511346,33.456,1,0.0,1.009,laggard_gpu_busy,cat_copy=14.3ms;gemm=12.2ms;moe_permute=4.4ms,
6,39867067741,45.784,1,0.0,1.014,laggard_gpu_busy,gemm=20.4ms;cat_copy=17.2ms;elementwise=4.9ms,
6,40068161569,14.925,1,0.0,1.018,laggard_gpu_busy,gemm=6.5ms;cat_copy=4.1ms;moe_permute=2.8ms,
6,40112169852,18.012,1,0.0,1.038,laggard_gpu_busy,gemm=13.0ms;moe_permute=3.0ms;cat_copy=2.8ms,
6,40509131313,21.255,7,0.0,1.029,laggard_gpu_busy,gemm=9.2ms;cat_copy=7.8ms;moe_permute=2.9ms,
6,40554268368,25.778,7,0.0,1.03,laggard_gpu_busy,gemm=14.0ms;cat_copy=6.3ms;moe_permute=3.2ms,
6,40756934074,17.403,4,0.0,1.015,laggard_gpu_busy,gemm=7.1ms;cat_copy=5.3ms;moe_permute=3.3ms,
6,40803970303,21.799,4,0.0,1.03,laggard_gpu_busy,gemm=13.9ms;cat_copy=4.4ms;moe_permute=3.2ms,
6,40974648152,15.133,0,0.0,1.021,laggard_gpu_busy,gemm=5.7ms;cat_copy=5.6ms;moe_permute=2.5ms,
6,41012712414,18.418,0,0.0,1.036,laggard_gpu_busy,gemm=11.4ms;cat_copy=3.3ms;moe_permute=2.6ms,
6,41179199017,21.699,7,0.0,1.015,laggard_gpu_busy,gemm=8.5ms;cat_copy=8.4ms;moe_permute=3.1ms,
6,41226523631,25.934,7,0.0,1.027,laggard_gpu_busy,gemm=14.7ms;cat_copy=5.6ms;elementwise=3.2ms,
6,41641173123,17.088,1,0.0,1.017,laggard_gpu_busy,gemm=6.6ms;cat_copy=6.0ms;moe_permute=3.0ms,
6,41684551964,20.914,1,0.0,1.035,laggard_gpu_busy,gemm=13.2ms;cat_copy=3.8ms;moe_permute=2.9ms,
6,41859267466,16.445,5,0.0,1.019,laggard_gpu_busy,gemm=6.3ms;cat_copy=5.7ms;moe_permute=3.0ms,
6,41901613378,20.136,5,0.0,1.023,laggard_gpu_busy,gemm=12.2ms;cat_copy=3.8ms;moe_permute=2.9ms,
6,42080566242,21.088,0,0.0,1.012,laggard_gpu_busy,cat_copy=8.6ms;gemm=7.5ms;moe_permute=3.1ms,
6,42129808531,29.283,0,0.0,1.021,laggard_gpu_busy,gemm=15.1ms;cat_copy=8.1ms;moe_permute=3.3ms,
6,42522140879,11.882,1,0.0,1.03,laggard_gpu_busy,gemm=6.0ms;moe_permute=2.8ms;cat_copy=2.5ms,
6,42562670208,14.459,1,0.0,1.057,laggard_gpu_busy,gemm=11.9ms;moe_permute=2.7ms;cat_copy=0.7ms,
6,42742336515,10.928,5,0.0,1.024,laggard_gpu_busy,gemm=7.9ms;moe_permute=3.3ms;hybridep_meta=0.0ms,
6,42799163887,16.086,5,0.0,1.019,laggard_gpu_busy,gemm=13.0ms;moe_permute=3.4ms;hybridep_meta=0.0ms,
6,43175290705,5.786,5,0.001,1.027,laggard_gpu_busy,gemm=3.5ms;moe_permute=2.4ms;hybridep_meta=0.0ms,
6,43213416057,7.332,5,0.001,1.031,laggard_gpu_busy,gemm=5.0ms;moe_permute=2.6ms;hybridep_meta=0.0ms,
6,43614883862,17.79,0,0.0,1.016,laggard_gpu_busy,cat_copy=7.0ms;gemm=6.3ms;moe_permute=3.0ms,
6,43658087889,21.052,0,0.0,1.029,laggard_gpu_busy,gemm=12.6ms;cat_copy=3.7ms;moe_permute=3.0ms,
6,43839298362,7.154,5,0.001,1.033,laggard_gpu_busy,gemm=4.5ms;moe_permute=2.9ms;hybridep_meta=0.0ms,
6,43888010544,8.332,5,0.001,1.05,laggard_gpu_busy,gemm=5.7ms;moe_permute=3.1ms;hybridep_meta=0.0ms,
6,44054863486,18.066,2,0.0,1.015,laggard_gpu_busy,gemm=6.9ms;cat_copy=6.6ms;moe_permute=2.9ms,
6,44100112135,21.345,2,0.0,1.033,laggard_gpu_busy,gemm=13.9ms;cat_copy=4.0ms;moe_permute=2.9ms,
6,44280455976,14.488,3,0.0,1.02,laggard_gpu_busy,gemm=7.9ms;moe_permute=3.2ms;cat_copy=2.4ms,
6,44332457578,22.211,3,0.0,1.032,laggard_gpu_busy,gemm=15.9ms;cat_copy=3.6ms;moe_permute=3.5ms,
6,44507788568,19.147,3,0.0,1.016,laggard_gpu_busy,cat_copy=7.5ms;gemm=7.0ms;moe_permute=3.1ms,
6,44553825988,22.895,3,0.0,1.032,laggard_gpu_busy,gemm=13.9ms;cat_copy=4.0ms;moe_permute=3.1ms,
6,44949505897,16.456,7,0.0,1.018,laggard_gpu_busy,gemm=6.4ms;cat_copy=5.7ms;moe_permute=2.9ms,
6,44992093191,19.676,7,0.0,1.035,laggard_gpu_busy,gemm=12.7ms;cat_copy=3.6ms;moe_permute=2.9ms,
6,45164156553,10.207,5,0.0,1.027,laggard_gpu_busy,gemm=5.8ms;moe_permute=2.6ms;cat_copy=1.2ms,
6,45204214911,12.48,5,0.0,1.04,laggard_gpu_busy,gemm=10.2ms;moe_permute=2.8ms;hybridep_meta=0.0ms,
6,45370963693,6.299,1,0.001,1.053,laggard_gpu_busy,gemm=4.4ms;moe_permute=2.3ms;hybridep_meta=0.0ms,
6,45406958419,7.571,1,0.001,1.072,laggard_gpu_busy,gemm=5.7ms;moe_permute=2.4ms;hybridep_meta=0.0ms,
6,46020871974,9.301,0,0.0,1.023,laggard_gpu_busy,gemm=6.4ms;moe_permute=3.1ms;hybridep_meta=0.0ms,
6,46072839498,10.5,0,0.0,1.035,laggard_gpu_busy,gemm=7.7ms;moe_permute=3.2ms;hybridep_meta=0.0ms,
6,46226626389,33.12,4,0.0,1.034,laggard_gpu_busy,gemm=18.1ms;cat_copy=9.9ms;moe_permute=3.8ms,
6,46279222301,44.811,4,0.0,1.011,laggard_gpu_busy,cat_copy=20.9ms;gemm=17.0ms;elementwise=4.0ms,
6,46480696798,11.396,0,0.0,1.023,laggard_gpu_busy,gemm=6.3ms;moe_permute=2.8ms;cat_copy=1.5ms,
6,46524984263,13.493,0,0.0,1.023,laggard_gpu_busy,gemm=10.8ms;moe_permute=3.0ms;hybridep_meta=0.0ms,
6,46685752620,28.07,3,0.0,1.023,laggard_gpu_busy,gemm=14.2ms;cat_copy=9.2ms;moe_permute=3.1ms,
6,46735053544,39.315,3,0.0,1.016,laggard_gpu_busy,cat_copy=16.9ms;gemm=15.9ms;elementwise=3.7ms,
6,46935569573,17.395,4,0.0,1.017,laggard_gpu_busy,gemm=8.4ms;cat_copy=4.3ms;moe_permute=3.2ms,
6,46990206613,26.048,4,0.0,1.026,laggard_gpu_busy,gemm=16.8ms;cat_copy=6.4ms;moe_permute=3.5ms,
6,47175930969,11.941,4,0.0,1.024,laggard_gpu_busy,gemm=7.2ms;moe_permute=2.9ms;elementwise=1.2ms,
6,47223792176,14.785,4,0.0,1.038,laggard_gpu_busy,gemm=12.2ms;moe_permute=3.1ms;hybridep_meta=0.0ms,
6,47411929021,6.082,2,0.001,1.018,laggard_gpu_busy,moe_permute=3.2ms;gemm=3.0ms;hybridep_meta=0.0ms,
6,47463665059,7.956,2,0.001,1.028,laggard_gpu_busy,gemm=4.9ms;moe_permute=3.2ms;hybridep_meta=0.0ms,
6,47627401971,12.152,3,0.0,1.024,laggard_gpu_busy,gemm=5.9ms;cat_copy=2.9ms;moe_permute=2.5ms,
6,47667629965,14.677,3,0.0,1.049,laggard_gpu_busy,gemm=11.9ms;moe_permute=2.7ms;cat_copy=0.8ms,
6,48292014586,11.096,3,0.0,1.028,laggard_gpu_busy,gemm=6.3ms;moe_permute=2.6ms;cat_copy=1.5ms,
6,48334670525,13.02,3,0.0,1.051,laggard_gpu_busy,gemm=10.9ms;moe_permute=2.8ms;hybridep_meta=0.0ms,
6,48706263842,8.62,5,0.001,1.035,laggard_gpu_busy,gemm=5.3ms;moe_permute=2.5ms;elementwise=0.9ms,
6,48743972213,10.216,5,0.0,1.062,laggard_gpu_busy,gemm=8.4ms;moe_permute=2.5ms;hybridep_meta=0.0ms,
6,48906155851,13.802,4,0.0,1.022,laggard_gpu_busy,gemm=6.7ms;cat_copy=3.4ms;moe_permute=2.9ms,
6,48951685212,15.882,4,0.0,1.049,laggard_gpu_busy,gemm=13.4ms;moe_permute=3.0ms;cat_copy=0.3ms,
6,49556479020,21.6,7,0.0,1.013,laggard_gpu_busy,gemm=8.1ms;cat_copy=8.0ms;moe_permute=3.6ms,
6,49608147445,26.746,7,0.0,1.026,laggard_gpu_busy,gemm=15.9ms;cat_copy=4.9ms;moe_permute=3.6ms,
6,49990710244,11.683,0,0.0,1.026,laggard_gpu_busy,gemm=6.3ms;moe_permute=2.9ms;cat_copy=1.8ms,
6,50033679499,14.873,0,0.0,1.047,laggard_gpu_busy,gemm=12.5ms;moe_permute=2.9ms;cat_copy=0.1ms,
7,23692356114,18.311,0,0.0,1.017,laggard_gpu_busy,cat_copy=7.4ms;gemm=6.7ms;moe_permute=2.7ms,
7,24012711524,9.062,1,0.001,1.032,laggard_gpu_busy,gemm=5.0ms;moe_permute=2.2ms;cat_copy=1.2ms,
7,24086132966,22.645,6,0.0,1.014,laggard_gpu_busy,cat_copy=9.5ms;gemm=7.8ms;moe_permute=3.5ms,
7,24178788081,13.018,4,0.0,1.025,laggard_gpu_busy,gemm=6.6ms;moe_permute=3.1ms;cat_copy=2.5ms,
7,24403121147,11.821,2,0.001,1.027,laggard_gpu_busy,gemm=5.9ms;moe_permute=2.7ms;cat_copy=2.6ms,
7,24476669566,17.348,3,0.0,1.017,laggard_gpu_busy,cat_copy=6.9ms;gemm=6.3ms;moe_permute=2.7ms,
7,24561514820,23.17,6,0.0,1.01,laggard_gpu_busy,cat_copy=9.0ms;gemm=8.5ms;moe_permute=3.5ms,
7,24658061136,11.589,6,0.0,1.025,laggard_gpu_busy,gemm=7.0ms;moe_permute=3.2ms;elementwise=1.1ms,
7,24804299887,14.34,3,0.0,1.022,laggard_gpu_busy,gemm=6.0ms;cat_copy=4.4ms;moe_permute=2.5ms,
7,24879363808,24.683,2,0.0,0.994,laggard_gpu_busy,gemm=10.3ms;cat_copy=8.9ms;moe_permute=3.2ms,
7,24971486729,17.038,4,0.0,1.017,laggard_gpu_busy,gemm=7.2ms;cat_copy=5.1ms;moe_permute=3.0ms,
7,25060224580,20.269,4,0.0,1.015,laggard_gpu_busy,gemm=8.9ms;cat_copy=5.5ms;moe_permute=3.9ms,
7,25219036115,20.472,3,0.0,1.012,laggard_gpu_busy,gemm=7.9ms;cat_copy=7.3ms;moe_permute=3.3ms,
7,25311178220,8.132,0,0.0,1.02,laggard_gpu_busy,gemm=5.5ms;moe_permute=2.8ms;hybridep_meta=0.0ms,
7,25402540606,10.238,4,0.001,1.032,laggard_gpu_busy,gemm=7.3ms;moe_permute=3.2ms;hybridep_meta=0.0ms,
7,25480750395,17.826,0,0.0,1.018,laggard_gpu_busy,gemm=7.5ms;cat_copy=5.5ms;moe_permute=3.0ms,
7,25624004094,34.647,6,0.0,1.03,laggard_gpu_busy,gemm=20.5ms;cat_copy=9.7ms;moe_permute=3.2ms,
7,25725832590,15.563,4,0.0,1.019,laggard_gpu_busy,cat_copy=6.2ms;gemm=5.7ms;moe_permute=2.5ms,
7,25803655944,10.369,1,0.0,1.032,laggard_gpu_busy,gemm=5.3ms;moe_permute=2.3ms;cat_copy=2.2ms,
7,25879256877,10.767,5,0.0,1.025,laggard_gpu_busy,gemm=5.7ms;moe_permute=2.5ms;cat_copy=1.8ms,
7,26098775451,17.245,6,0.0,1.015,laggard_gpu_busy,cat_copy=6.9ms;gemm=6.1ms;moe_permute=2.8ms,
7,26177483100,28.894,3,0.0,1.028,laggard_gpu_busy,gemm=16.7ms;cat_copy=8.0ms;moe_permute=3.1ms,
7,26268058759,26.619,3,0.0,1.009,laggard_gpu_busy,gemm=12.2ms;cat_copy=9.3ms;moe_permute=3.2ms,
7,26432038180,12.447,2,0.0,1.021,laggard_gpu_busy,gemm=6.9ms;moe_permute=3.0ms;cat_copy=1.6ms,
7,26508535026,18.654,5,0.0,1.013,laggard_gpu_busy,cat_copy=7.1ms;gemm=6.9ms;moe_permute=2.9ms,
7,26594502644,15.031,0,0.0,1.017,laggard_gpu_busy,gemm=6.3ms;cat_copy=4.2ms;moe_permute=2.9ms,
7,26676889014,19.44,6,0.0,1.015,laggard_gpu_busy,gemm=7.9ms;cat_copy=6.6ms;moe_permute=3.1ms,
7,26828515076,11.835,5,0.0,1.027,laggard_gpu_busy,gemm=5.4ms;cat_copy=2.8ms;moe_permute=2.4ms,
7,26910529282,5.492,6,0.001,1.033,laggard_gpu_busy,gemm=3.1ms;moe_permute=2.6ms;hybridep_meta=0.0ms,
7,26983379087,22.004,5,0.0,1.012,laggard_gpu_busy,gemm=8.4ms;cat_copy=8.2ms;moe_permute=3.2ms,
7,27071645862,10.977,1,0.0,1.032,laggard_gpu_busy,gemm=6.0ms;moe_permute=2.5ms;cat_copy=1.8ms,
7,27211952290,16.585,2,0.0,1.018,laggard_gpu_busy,cat_copy=6.8ms;gemm=5.9ms;moe_permute=2.6ms,
7,27289006183,25.054,0,0.0,1.03,laggard_gpu_busy,gemm=11.6ms;cat_copy=9.0ms;moe_permute=3.1ms,
7,27380735635,13.463,5,0.0,1.024,laggard_gpu_busy,gemm=6.2ms;cat_copy=3.1ms;moe_permute=2.8ms,
7,27460993717,14.125,1,0.0,1.021,laggard_gpu_busy,gemm=6.6ms;cat_copy=3.2ms;moe_permute=2.9ms,
7,27617872953,12.373,6,0.0,1.026,laggard_gpu_busy,gemm=7.5ms;moe_permute=3.1ms;elementwise=1.2ms,
7,27782637893,10.44,0,0.0,1.029,laggard_gpu_busy,gemm=5.7ms;moe_permute=2.5ms;cat_copy=1.6ms,
7,27858054107,18.814,4,0.0,1.015,laggard_gpu_busy,gemm=7.0ms;cat_copy=6.8ms;moe_permute=3.2ms,
7,28097060242,17.076,6,0.0,1.017,laggard_gpu_busy,gemm=7.7ms;cat_copy=4.3ms;moe_permute=3.2ms,
7,28179218566,14.894,1,0.0,1.019,laggard_gpu_busy,gemm=6.5ms;cat_copy=3.9ms;moe_permute=2.9ms,
7,28255365667,37.961,1,0.0,1.031,laggard_gpu_busy,gemm=20.4ms;cat_copy=12.1ms;moe_permute=3.8ms,
7,28427056175,15.091,0,0.0,1.018,laggard_gpu_busy,gemm=5.9ms;cat_copy=5.2ms;moe_permute=2.6ms,
7,28503544559,26.281,6,0.0,1.04,laggard_gpu_busy,gemm=12.9ms;cat_copy=9.1ms;moe_permute=3.1ms,
7,28592232255,20.012,0,0.0,1.023,laggard_gpu_busy,gemm=8.0ms;cat_copy=7.7ms;moe_permute=2.8ms,
7,28683136643,21.005,4,0.0,1.014,laggard_gpu_busy,gemm=8.9ms;cat_copy=6.6ms;moe_permute=3.3ms,
7,28836145891,19.254,6,0.0,1.015,laggard_gpu_busy,cat_copy=7.8ms;gemm=6.9ms;moe_permute=3.0ms,
7,29086440482,6.397,2,0.001,1.013,laggard_gpu_busy,gemm=3.6ms;moe_permute=2.9ms;hybridep_meta=0.0ms,
7,29315365194,16.529,2,0.0,1.017,laggard_gpu_busy,gemm=7.2ms;cat_copy=4.5ms;moe_permute=3.0ms,
7,29481029225,8.125,4,0.001,1.026,laggard_gpu_busy,gemm=5.3ms;moe_permute=3.1ms;hybridep_meta=0.0ms,
7,29624428437,16.124,1,0.0,1.018,laggard_gpu_busy,gemm=6.6ms;cat_copy=5.3ms;moe_permute=2.7ms,
7,29699849086,15.171,1,0.0,1.017,laggard_gpu_busy,cat_copy=6.0ms;gemm=5.4ms;moe_permute=2.4ms,
7,29784637824,5.434,0,0.001,1.029,laggard_gpu_busy,gemm=3.2ms;moe_permute=2.4ms;hybridep_meta=0.0ms,
7,29853677869,25.514,1,0.0,1.035,laggard_gpu_busy,gemm=11.4ms;cat_copy=9.6ms;moe_permute=3.2ms,
7,30021228093,7.821,6,0.001,1.036,laggard_gpu_busy,gemm=5.3ms;moe_permute=2.8ms;hybridep_meta=0.0ms,
7,30095166713,11.387,4,0.001,1.03,laggard_gpu_busy,gemm=6.0ms;moe_permute=2.6ms;cat_copy=2.2ms,
7,30173372668,10.573,0,0.0,1.029,laggard_gpu_busy,gemm=6.0ms;moe_permute=2.7ms;cat_copy=1.2ms,
7,30247741084,16.222,3,0.0,1.019,laggard_gpu_busy,gemm=6.5ms;cat_copy=5.4ms;moe_permute=2.7ms,
7,30388914451,23.005,6,0.0,0.97,laggard_gpu_busy,gemm=10.4ms;cat_copy=7.3ms;moe_permute=2.8ms,
7,30474651389,17.163,1,0.0,1.017,laggard_gpu_busy,cat_copy=6.6ms;gemm=6.3ms;moe_permute=2.7ms,
7,30561667604,9.198,0,0.0,1.027,laggard_gpu_busy,gemm=6.2ms;moe_permute=2.7ms;elementwise=0.6ms,
7,30639712534,10.459,5,0.0,1.028,laggard_gpu_busy,gemm=6.3ms;moe_permute=2.7ms;elementwise=1.0ms,
7,30793612998,8.491,4,0.001,1.035,laggard_gpu_busy,gemm=6.0ms;moe_permute=2.8ms;hybridep_meta=0.0ms,
7,30868152999,25.086,6,0.0,1.004,laggard_gpu_busy,cat_copy=10.1ms;gemm=9.1ms;moe_permute=3.7ms,
7,30965671521,10.411,6,0.0,1.025,laggard_gpu_busy,gemm=6.7ms;moe_permute=2.8ms;elementwise=1.1ms,
7,31027591338,41.192,1,0.0,0.881,laggard_gpu_busy,gemm=19.7ms;cat_copy=10.8ms;moe_permute=3.4ms,
7,33451660907,212.337,5,0.0,0.16,laggard_gpu_idle(host),gemm=20.2ms;cat_copy=8.9ms;moe_permute=2.8ms,
7,33676899375,53.133,1,0.0,1.021,laggard_gpu_busy,gemm=26.2ms;cat_copy=20.3ms;elementwise=4.2ms,
7,33888521357,10.35,6,0.0,1.026,laggard_gpu_busy,gemm=6.7ms;moe_permute=2.8ms;elementwise=1.1ms,
7,33934687475,12.466,6,0.0,1.041,laggard_gpu_busy,gemm=10.0ms;moe_permute=2.9ms;hybridep_meta=0.0ms,
7,34103974033,65.457,6,0.0,0.39,mixed,cat_copy=10.4ms;gemm=9.4ms;moe_permute=3.4ms,
7,34198572818,33.795,6,0.0,1.015,laggard_gpu_busy,gemm=17.1ms;cat_copy=10.0ms;elementwise=3.9ms,
7,34395544224,8.027,4,0.001,1.035,laggard_gpu_busy,gemm=5.6ms;moe_permute=2.7ms;hybridep_meta=0.0ms,
7,34440138198,9.357,4,0.001,1.044,laggard_gpu_busy,gemm=6.9ms;moe_permute=2.8ms;hybridep_meta=0.0ms,
7,34604039168,10.053,5,0.0,1.029,laggard_gpu_busy,gemm=6.3ms;moe_permute=2.7ms;elementwise=1.0ms,
7,34647907439,12.429,5,0.0,1.045,laggard_gpu_busy,gemm=10.1ms;moe_permute=2.9ms;hybridep_meta=0.0ms,
7,34818434777,9.347,0,0.0,1.028,laggard_gpu_busy,gemm=6.2ms;moe_permute=2.7ms;elementwise=0.7ms,
7,34861725826,11.464,0,0.0,1.032,laggard_gpu_busy,gemm=9.0ms;moe_permute=2.9ms;hybridep_meta=0.0ms,
7,35019258829,17.029,1,0.0,1.018,laggard_gpu_busy,cat_copy=6.4ms;gemm=6.4ms;moe_permute=2.7ms,
7,35061903696,20.602,1,0.0,1.033,laggard_gpu_busy,gemm=12.8ms;cat_copy=3.7ms;moe_permute=2.9ms,
7,35234914323,22.932,6,0.0,0.968,laggard_gpu_busy,gemm=10.4ms;cat_copy=7.3ms;moe_permute=2.7ms,
7,35276597645,27.131,6,0.0,1.029,laggard_gpu_busy,gemm=12.9ms;cat_copy=9.3ms;moe_permute=2.9ms,
7,35456751510,16.666,3,0.0,1.016,laggard_gpu_busy,gemm=6.5ms;cat_copy=5.8ms;moe_permute=2.8ms,
7,35499842109,20.085,3,0.0,1.035,laggard_gpu_busy,gemm=13.1ms;cat_copy=3.8ms;moe_permute=2.9ms,
7,35674792886,10.602,0,0.0,1.028,laggard_gpu_busy,gemm=6.0ms;moe_permute=2.7ms;cat_copy=1.3ms,
7,35716936378,12.471,0,0.0,1.056,laggard_gpu_busy,gemm=10.3ms;moe_permute=2.8ms;hybridep_meta=0.0ms,
7,35879714769,11.555,4,0.0,1.029,laggard_gpu_busy,gemm=6.0ms;moe_permute=2.8ms;cat_copy=2.1ms,
7,35920637577,13.784,4,0.0,1.046,laggard_gpu_busy,gemm=11.6ms;moe_permute=2.8ms;hybridep_meta=0.0ms,
7,36096959815,8.122,6,0.001,1.035,laggard_gpu_busy,gemm=5.3ms;moe_permute=3.1ms;hybridep_meta=0.0ms,
7,36142509613,9.979,6,0.0,1.01,laggard_gpu_busy,gemm=7.1ms;moe_permute=3.0ms;hybridep_meta=0.0ms,
7,36302994766,26.007,1,0.0,1.035,laggard_gpu_busy,gemm=11.5ms;cat_copy=9.8ms;moe_permute=3.4ms,
7,36354753042,35.049,1,0.0,1.019,laggard_gpu_busy,gemm=16.4ms;cat_copy=12.3ms;elementwise=3.8ms,
7,36545795523,5.47,0,0.001,1.03,laggard_gpu_busy,gemm=3.2ms;moe_permute=2.4ms;hybridep_meta=0.0ms,
7,36583635036,6.742,0,0.001,1.023,laggard_gpu_busy,gemm=4.4ms;moe_permute=2.5ms;hybridep_meta=0.0ms,
7,36740524344,14.768,1,0.0,1.019,laggard_gpu_busy,cat_copy=5.7ms;gemm=5.4ms;moe_permute=2.4ms,
7,36776847299,17.425,1,0.0,1.038,laggard_gpu_busy,gemm=10.7ms;cat_copy=3.1ms;moe_permute=2.5ms,
7,36947723594,16.284,1,0.0,1.02,laggard_gpu_busy,gemm=6.6ms;cat_copy=5.4ms;moe_permute=2.8ms,
7,36990969882,19.619,1,0.0,1.036,laggard_gpu_busy,gemm=13.0ms;cat_copy=3.7ms;moe_permute=2.9ms,
7,37170779963,8.08,4,0.001,1.026,laggard_gpu_busy,gemm=5.3ms;moe_permute=3.0ms;hybridep_meta=0.0ms,
7,37218166771,9.658,4,0.001,1.025,laggard_gpu_busy,gemm=6.8ms;moe_permute=3.1ms;hybridep_meta=0.0ms,
7,37585002046,17.319,2,0.0,1.016,laggard_gpu_busy,gemm=7.3ms;cat_copy=4.7ms;moe_permute=3.5ms,
7,37633875279,21.226,2,0.0,1.033,laggard_gpu_busy,gemm=14.5ms;cat_copy=4.0ms;moe_permute=3.4ms,
7,38040755542,6.685,2,0.001,1.02,laggard_gpu_busy,gemm=4.0ms;moe_permute=2.8ms;hybridep_meta=0.0ms,
7,38084573683,8.243,2,0.001,1.032,laggard_gpu_busy,gemm=5.5ms;moe_permute=3.0ms;hybridep_meta=0.0ms,
7,38298347440,5.317,3,0.001,1.028,laggard_gpu_busy,moe_permute=3.0ms;gemm=2.4ms;hybridep_meta=0.0ms,
7,38670871866,19.44,6,0.0,1.014,laggard_gpu_busy,cat_copy=8.0ms;gemm=6.9ms;moe_permute=3.0ms,
7,38716372744,23.486,6,0.0,1.028,laggard_gpu_busy,gemm=13.7ms;cat_copy=4.2ms;moe_permute=3.2ms,
7,38895509029,21.777,4,0.0,1.012,laggard_gpu_busy,gemm=9.0ms;cat_copy=6.9ms;moe_permute=3.7ms,
7,38953257071,30.851,4,0.0,1.021,laggard_gpu_busy,gemm=17.7ms;cat_copy=10.0ms;moe_permute=3.6ms,
7,39132349643,20.007,0,0.0,1.027,laggard_gpu_busy,gemm=8.1ms;cat_copy=7.7ms;moe_permute=2.8ms,
7,39175729764,23.919,0,0.0,1.027,laggard_gpu_busy,gemm=13.2ms;cat_copy=5.5ms;elementwise=3.0ms,
7,39346681134,27.49,6,0.0,1.038,laggard_gpu_busy,gemm=13.1ms;cat_copy=9.9ms;moe_permute=3.4ms,
7,39397831157,35.211,6,0.0,1.018,laggard_gpu_busy,gemm=15.7ms;cat_copy=13.2ms;elementwise=3.6ms,
7,39587161786,15.266,0,0.0,1.017,laggard_gpu_busy,gemm=5.9ms;cat_copy=5.3ms;moe_permute=2.6ms,
7,39626759276,18.286,0,0.0,1.04,laggard_gpu_busy,gemm=11.8ms;cat_copy=3.4ms;moe_permute=2.7ms,
7,39792244494,41.723,1,0.0,1.03,laggard_gpu_busy,gemm=21.4ms;cat_copy=14.3ms;moe_permute=4.4ms,
7,39857321036,55.532,1,0.0,1.011,laggard_gpu_busy,cat_copy=26.9ms;gemm=20.4ms;elementwise=4.9ms,
7,40068016356,15.069,1,0.0,1.017,laggard_gpu_busy,gemm=6.5ms;cat_copy=4.2ms;moe_permute=2.8ms,
7,40111772326,18.41,1,0.0,1.037,laggard_gpu_busy,gemm=13.0ms;cat_copy=3.2ms;moe_permute=3.0ms,
7,40284793595,16.312,6,0.0,1.019,laggard_gpu_busy,gemm=7.6ms;cat_copy=3.8ms;moe_permute=3.1ms,
7,40334927775,19.927,6,0.0,1.034,laggard_gpu_busy,gemm=15.3ms;moe_permute=3.3ms;cat_copy=2.0ms,
7,40755433894,18.904,4,0.0,1.014,laggard_gpu_busy,gemm=7.1ms;cat_copy=6.8ms;moe_permute=3.3ms,
7,40802258536,23.511,4,0.0,1.027,laggard_gpu_busy,gemm=13.9ms;cat_copy=4.4ms;moe_permute=3.2ms,
7,40979078563,10.702,0,0.0,1.03,laggard_gpu_busy,gemm=5.7ms;moe_permute=2.5ms;cat_copy=1.9ms,
7,41018367767,12.762,0,0.0,1.043,laggard_gpu_busy,gemm=10.7ms;moe_permute=2.6ms;hybridep_meta=0.0ms,
7,41419371318,12.704,6,0.0,1.026,laggard_gpu_busy,gemm=7.6ms;moe_permute=3.3ms;elementwise=1.2ms,
7,41470358146,14.696,6,0.0,1.032,laggard_gpu_busy,gemm=11.9ms;moe_permute=3.3ms;hybridep_meta=0.0ms,
7,41643999581,14.262,1,0.0,1.021,laggard_gpu_busy,gemm=6.6ms;cat_copy=3.2ms;moe_permute=3.0ms,
7,41687909889,17.556,1,0.0,1.042,laggard_gpu_busy,gemm=13.2ms;moe_permute=2.9ms;cat_copy=2.1ms,
7,41861808399,13.905,5,0.0,1.022,laggard_gpu_busy,gemm=6.3ms;cat_copy=3.1ms;moe_permute=3.0ms,
7,41904659150,17.09,5,0.0,1.028,laggard_gpu_busy,gemm=12.2ms;moe_permute=2.9ms;cat_copy=2.4ms,
7,42076623342,25.031,0,0.0,1.034,laggard_gpu_busy,gemm=11.6ms;cat_copy=9.0ms;moe_permute=3.1ms,
7,42125341930,33.749,0,0.0,1.018,laggard_gpu_busy,gemm=15.1ms;cat_copy=12.3ms;elementwise=3.5ms,
7,42309407561,16.452,2,0.0,1.016,laggard_gpu_busy,cat_copy=6.6ms;gemm=5.9ms;moe_permute=2.5ms,
7,42348464352,19.512,2,0.0,1.035,laggard_gpu_busy,gemm=11.6ms;cat_copy=3.4ms;moe_permute=2.8ms,
7,42522711065,11.312,1,0.0,1.032,laggard_gpu_busy,gemm=6.0ms;moe_permute=2.8ms;cat_copy=1.9ms,
7,42563459778,13.67,1,0.0,1.061,laggard_gpu_busy,gemm=11.8ms;moe_permute=2.7ms;hybridep_meta=0.0ms,
7,42730694033,22.571,5,0.0,1.011,laggard_gpu_busy,cat_copy=8.7ms;gemm=8.5ms;moe_permute=3.3ms,
7,42784732100,30.518,5,0.0,1.02,laggard_gpu_busy,gemm=16.8ms;cat_copy=8.8ms;moe_permute=3.4ms,
7,43010930938,5.951,6,0.001,1.059,laggard_gpu_busy,gemm=3.6ms;moe_permute=2.7ms;hybridep_meta=0.0ms,
7,43169301069,11.777,5,0.001,1.025,laggard_gpu_busy,gemm=5.4ms;cat_copy=2.7ms;moe_permute=2.4ms,
7,43206196462,14.551,5,0.0,1.049,laggard_gpu_busy,gemm=10.8ms;moe_permute=2.6ms;cat_copy=1.8ms,
7,43379879969,19.054,6,0.0,1.017,laggard_gpu_busy,gemm=7.8ms;cat_copy=6.4ms;moe_permute=3.0ms,
7,43430355471,26.356,6,0.0,1.025,laggard_gpu_busy,gemm=15.5ms;cat_copy=8.0ms;moe_permute=3.2ms,
7,43617243595,15.432,0,0.0,1.019,laggard_gpu_busy,gemm=6.3ms;cat_copy=4.6ms;moe_permute=3.0ms,
7,43660750385,18.389,0,0.0,1.034,laggard_gpu_busy,gemm=12.6ms;cat_copy=3.4ms;moe_permute=3.0ms,
7,43827580188,18.873,5,0.0,1.013,laggard_gpu_busy,cat_copy=7.3ms;gemm=6.9ms;moe_permute=2.9ms,
7,43874062084,22.28,5,0.0,1.028,laggard_gpu_busy,gemm=13.8ms;cat_copy=4.0ms;moe_permute=3.1ms,
7,44060518101,12.412,2,0.0,1.023,laggard_gpu_busy,gemm=6.9ms;moe_permute=2.9ms;cat_copy=1.8ms,
7,44106826174,14.632,2,0.0,1.049,laggard_gpu_busy,gemm=12.4ms;moe_permute=2.9ms;hybridep_meta=0.0ms,
7,44268389479,26.554,3,0.0,1.01,laggard_gpu_busy,gemm=12.2ms;cat_copy=9.2ms;moe_permute=3.2ms,
7,44318600505,36.068,3,0.0,1.018,laggard_gpu_busy,gemm=15.9ms;cat_copy=13.7ms;elementwise=3.7ms,
7,44498105536,28.83,3,0.0,1.027,laggard_gpu_busy,gemm=16.6ms;cat_copy=8.0ms;moe_permute=3.1ms,
7,44542579350,34.142,3,0.0,1.036,laggard_gpu_busy,gemm=16.5ms;cat_copy=12.7ms;elementwise=3.2ms,
7,44727175731,18.064,6,0.0,1.017,laggard_gpu_busy,cat_copy=7.2ms;gemm=6.6ms;moe_permute=2.8ms,
7,44769301775,21.615,6,0.0,1.03,laggard_gpu_busy,gemm=12.3ms;cat_copy=4.1ms;moe_permute=3.1ms,
7,45163240494,11.124,5,0.0,1.024,laggard_gpu_busy,gemm=5.8ms;moe_permute=2.6ms;cat_copy=2.1ms,
7,45202943441,13.752,5,0.0,1.05,laggard_gpu_busy,gemm=11.5ms;moe_permute=2.8ms;cat_copy=0.1ms,
7,45367064726,10.199,1,0.0,1.031,laggard_gpu_busy,gemm=5.2ms;moe_permute=2.3ms;cat_copy=2.1ms,
7,45402617645,11.91,1,0.0,1.064,laggard_gpu_busy,gemm=10.3ms;moe_permute=2.4ms;hybridep_meta=0.0ms,
7,45559598502,15.624,4,0.0,1.016,laggard_gpu_busy,cat_copy=6.2ms;gemm=5.7ms;moe_permute=2.4ms,
7,45596186409,18.589,4,0.0,1.041,laggard_gpu_busy,gemm=10.9ms;cat_copy=3.5ms;moe_permute=2.6ms,
7,45761833181,34.836,6,0.0,1.031,laggard_gpu_busy,gemm=20.7ms;cat_copy=9.7ms;moe_permute=3.2ms,
7,45812161553,44.65,6,0.0,1.018,laggard_gpu_busy,gemm=19.9ms;cat_copy=18.5ms;elementwise=3.7ms,
7,46011819084,18.354,0,0.0,1.016,laggard_gpu_busy,gemm=7.5ms;cat_copy=5.9ms;moe_permute=3.1ms,
7,46061423224,21.916,0,0.0,1.031,laggard_gpu_busy,gemm=14.9ms;cat_copy=4.4ms;moe_permute=3.2ms,
7,46249134436,10.613,4,0.001,1.034,laggard_gpu_busy,gemm=7.1ms;moe_permute=3.8ms;hybridep_meta=0.0ms,
7,46306092193,17.94,4,0.0,1.031,laggard_gpu_busy,gemm=15.0ms;moe_permute=3.4ms;hybridep_meta=0.0ms,
7,46484066022,8.027,0,0.0,1.02,laggard_gpu_busy,gemm=5.4ms;moe_permute=2.8ms;hybridep_meta=0.0ms,
7,46528763361,9.715,0,0.0,1.032,laggard_gpu_busy,gemm=7.1ms;moe_permute=3.0ms;hybridep_meta=0.0ms,
7,46694092671,19.731,3,0.0,1.014,laggard_gpu_busy,gemm=7.9ms;cat_copy=6.8ms;moe_permute=3.1ms,
7,46745080509,29.288,3,0.0,1.022,laggard_gpu_busy,gemm=15.9ms;cat_copy=8.9ms;moe_permute=3.5ms,
7,46934463867,18.502,4,0.0,1.016,laggard_gpu_busy,gemm=8.4ms;cat_copy=4.9ms;moe_permute=3.2ms,
7,46989084960,27.17,4,0.0,1.024,laggard_gpu_busy,gemm=16.8ms;cat_copy=7.5ms;moe_permute=3.5ms,
7,47170930798,16.941,4,0.0,1.016,laggard_gpu_busy,gemm=7.2ms;cat_copy=5.1ms;moe_permute=2.9ms,
7,47217828481,20.749,4,0.0,1.033,laggard_gpu_busy,gemm=14.4ms;cat_copy=4.0ms;moe_permute=3.1ms,
7,47393252778,24.757,2,0.0,1.022,laggard_gpu_busy,gemm=11.1ms;cat_copy=8.9ms;moe_permute=3.2ms,
7,47441763950,29.856,2,0.0,1.025,laggard_gpu_busy,gemm=15.3ms;cat_copy=8.6ms;elementwise=3.5ms,
7,47624928074,14.625,3,0.0,1.02,laggard_gpu_busy,gemm=5.9ms;cat_copy=4.7ms;moe_permute=2.5ms,
7,47664771313,17.535,3,0.0,1.04,laggard_gpu_busy,gemm=11.9ms;cat_copy=3.4ms;moe_permute=2.7ms,
7,47838428936,10.675,6,0.0,1.028,laggard_gpu_busy,gemm=7.0ms;moe_permute=3.1ms;elementwise=0.9ms,
7,47886335557,12.779,6,0.0,1.049,laggard_gpu_busy,gemm=10.3ms;moe_permute=3.1ms;hybridep_meta=0.0ms,
7,48052180233,24.242,6,0.0,1.01,laggard_gpu_busy,cat_copy=10.0ms;gemm=8.6ms;moe_permute=3.5ms,
7,48107469365,31.629,6,0.0,1.019,laggard_gpu_busy,gemm=16.9ms;cat_copy=8.9ms;moe_permute=3.4ms,
7,48285664668,17.446,3,0.0,1.017,laggard_gpu_busy,cat_copy=7.1ms;gemm=6.3ms;moe_permute=2.6ms,
7,48327119701,20.57,3,0.0,1.037,laggard_gpu_busy,gemm=12.6ms;cat_copy=3.6ms;moe_permute=2.8ms,
7,48502090728,12.022,2,0.0,1.027,laggard_gpu_busy,gemm=5.9ms;cat_copy=2.9ms;moe_permute=2.6ms,
7,48542659678,14.453,2,0.0,1.053,laggard_gpu_busy,gemm=11.9ms;moe_permute=2.8ms;cat_copy=0.5ms,
7,48747939047,6.249,5,0.001,1.088,laggard_gpu_busy,gemm=4.3ms;moe_permute=2.5ms;hybridep_meta=0.0ms,
7,48906845403,13.112,4,0.0,1.023,laggard_gpu_busy,gemm=6.7ms;moe_permute=2.9ms;cat_copy=2.7ms,
7,48951968162,15.6,4,0.0,1.05,laggard_gpu_busy,gemm=13.4ms;moe_permute=3.0ms;hybridep_meta=0.0ms,
7,49117814945,20.878,6,0.0,1.014,laggard_gpu_busy,cat_copy=8.7ms;gemm=7.5ms;moe_permute=2.9ms,
7,49166329517,24.337,6,0.0,1.03,laggard_gpu_busy,gemm=15.0ms;cat_copy=4.3ms;moe_permute=3.1ms,
7,49355434983,8.687,1,0.001,1.037,laggard_gpu_busy,gemm=5.0ms;moe_permute=2.2ms;cat_copy=0.9ms,
7,49390379105,10.918,1,0.0,1.052,laggard_gpu_busy,gemm=9.1ms;moe_permute=2.4ms;hybridep_meta=0.0ms,
7,49983577383,18.815,0,0.0,1.017,laggard_gpu_busy,cat_copy=7.4ms;gemm=7.1ms;moe_permute=2.9ms,
7,50025410570,23.143,0,0.0,1.029,laggard_gpu_busy,gemm=12.5ms;cat_copy=5.4ms;elementwise=3.0ms,
