status: skipped
rep0: datum_mean=0.4904 op_loss=0.0019490677387751102 n=32 wall=118s
  per-datum: 0.459 0.487 0.414 0.441 0.401 0.426 0.556 0.526 0.563 0.508 0.353 0.491 0.647 0.578 0.461 0.576 0.619 0.530 0.395 0.526 0.342 0.364 0.619 0.503 0.418 0.625 0.530 0.330 0.527 0.608 0.465 0.408
rep1: datum_mean=0.4901 op_loss=0.0019476982236086167 n=32 wall=124s
  per-datum: 0.451 0.447 0.408 0.448 0.451 0.432 0.579 0.489 0.562 0.491 0.356 0.502 0.607 0.595 0.488 0.543 0.624 0.533 0.388 0.541 0.394 0.380 0.609 0.526 0.421 0.631 0.545 0.347 0.495 0.572 0.415 0.413
rep2: datum_mean=0.4601 op_loss=0.0018283972619365118 n=32 wall=130s
  per-datum: 0.422 0.455 0.400 0.409 0.316 0.402 0.486 0.458 0.562 0.483 0.306 0.472 0.587 0.568 0.428 0.509 0.588 0.507 0.386 0.531 0.385 0.348 0.587 0.499 0.409 0.613 0.528 0.324 0.482 0.521 0.365 0.389
rep3: datum_mean=0.4715 op_loss=0.00187391140421883 n=32 wall=124s
  per-datum: 0.403 0.505 0.421 0.394 0.426 0.395 0.568 0.479 0.560 0.499 0.301 0.507 0.602 0.553 0.422 0.503 0.581 0.520 0.437 0.522 0.393 0.333 0.587 0.488 0.403 0.599 0.543 0.339 0.492 0.555 0.385 0.373
rep4: datum_mean=0.4603 op_loss=0.001829126375087505 n=32 wall=123s
  per-datum: 0.420 0.524 0.429 0.368 0.296 0.399 0.484 0.475 0.554 0.513 0.293 0.485 0.607 0.563 0.411 0.471 0.609 0.540 0.378 0.481 0.381 0.326 0.555 0.497 0.409 0.594 0.542 0.350 0.509 0.567 0.332 0.365
rep5: datum_mean=0.4513 op_loss=0.0017936012961647727 n=32 wall=117s
  per-datum: 0.428 0.486 0.397 0.361 0.322 0.404 0.506 0.468 0.527 0.489 0.306 0.482 0.588 0.539 0.408 0.490 0.602 0.524 0.380 0.484 0.369 0.315 0.544 0.490 0.397 0.585 0.518 0.296 0.480 0.557 0.352 0.349
rep6: datum_mean=0.4482 op_loss=0.0017811118579301678 n=32 wall=125s
  per-datum: 0.427 0.459 0.379 0.387 0.320 0.390 0.455 0.463 0.541 0.469 0.321 0.479 0.601 0.522 0.425 0.504 0.608 0.529 0.408 0.497 0.359 0.307 0.531 0.494 0.385 0.577 0.508 0.275 0.461 0.550 0.378 0.334
rep7: datum_mean=0.4454 op_loss=0.0017702907575521075 n=32 wall=129s
  per-datum: 0.421 0.463 0.386 0.357 0.343 0.401 0.485 0.453 0.547 0.456 0.303 0.472 0.611 0.516 0.432 0.531 0.585 0.516 0.393 0.490 0.341 0.317 0.527 0.495 0.388 0.581 0.501 0.267 0.466 0.524 0.361 0.323
