reinit: {'lora_rank': 32}
status: skipped
rep0: datum_mean=1.7056 op_loss=0.006778221490426971 n=32 wall=77s
  per-datum: 0.648 0.835 0.720 0.807 5.858 8.489 11.157 0.810 0.782 0.669 0.669 0.769 0.973 0.918 0.751 0.952 0.873 0.771 1.016 0.824 0.750 0.639 2.805 0.712 0.604 0.886 0.846 0.739 0.744 2.676 3.216 0.670
rep1: datum_mean=0.8234 op_loss=0.0032721593850178914 n=32 wall=35s
  per-datum: 0.659 0.836 0.750 0.786 0.724 0.615 0.855 0.821 0.800 0.686 0.744 0.849 1.137 1.009 0.762 0.922 0.880 0.766 0.687 0.831 0.754 0.683 0.940 0.699 0.617 0.884 0.828 0.794 1.057 1.110 1.194 0.670
rep2: datum_mean=0.7663 op_loss=0.0030454857338736204 n=32 wall=34s
  per-datum: 0.665 0.829 0.740 0.803 0.641 0.618 0.793 0.808 0.793 0.684 0.674 0.750 0.982 0.881 0.654 0.913 0.860 0.771 0.705 0.820 0.741 0.612 0.924 0.700 0.591 0.907 0.834 0.769 0.731 0.925 0.752 0.652
rep3: datum_mean=0.7955 op_loss=0.0031615791188148615 n=32 wall=34s
  per-datum: 0.659 0.866 0.722 0.760 0.703 0.647 0.787 0.823 0.797 0.694 0.702 0.743 0.994 0.876 0.642 0.889 0.891 0.766 0.797 1.139 0.870 0.838 1.144 0.717 0.597 0.895 0.833 0.742 0.713 0.874 0.674 0.665
rep4: datum_mean=0.7972 op_loss=0.0031682413369343164 n=32 wall=34s
  per-datum: 0.655 0.846 0.723 0.777 0.661 0.626 0.775 0.835 0.811 0.683 0.710 0.727 0.983 0.855 0.649 0.905 0.892 0.795 0.820 0.790 0.761 0.616 0.983 0.725 0.606 0.889 0.847 0.805 0.913 1.110 1.050 0.688
rep5: datum_mean=0.8078 op_loss=0.003210436332539664 n=32 wall=34s
  per-datum: 0.657 0.847 0.735 0.782 0.720 0.637 0.796 0.836 0.778 0.679 0.677 1.637 1.210 0.982 0.668 0.907 0.870 0.785 0.717 0.797 0.752 0.670 0.939 0.709 0.620 0.887 0.851 0.722 0.677 0.863 0.764 0.682
